5.82473 1
13.2889 2
48.0846 4
14.4838 2.47214
96.94995.82473 1
13.2889 2
48.0846 4
14.4838 2.47214
96.9499 4.94427
27.3731 3.05573
7.90549 1.88854
70.5115 3.77709
23.4593 2.33437
8.68007 1.44272
35.9872 2.88544
11.9655 1.7833
49.5732 3.5666
14.3787 2.20428
77.1904 4.40856
21.2988 4.94427
27.3731 3.05573
7.90549 1.88854
70.5115 3.77709
23.4593 2.33437
8.68007 1.44272
35.9872 2.88544
11.9655 1.7833
49.5732 3.5666
14.3787 2.20428
77.1904 4.40856
21.2988 2.72464
6.47097 1.68392
61.9025 3.36784
22.053 2.08144 2.72464
6.47097 1.68392
61.9025 3.36784
22.053 2.08144
8.9674 1.2864
27.1062 2.5728
9.26375 1.59008

8.9674 1.2864
27.1062 2.5728
9.26375 1.59008
44.0743 3.18015
14.0761 1.96544
58.6174 3.93089
16.049244.0743 3.18015
14.0761 1.96544
58.6174 3.93089
16.0492 2.42942
5.53442 1.50147
54.4087 3.00293
20.764  2.42942
5.53442 1.50147
54.4087 3.00293
20.764 1.85591
9.22638 1.14702
20.4046 2.29404
7.37917 1.41779
1.85591
9.22638 1.14702
20.4046 2.29404
7.37917 1.41779
39.5541 2.83558
13.8416 1.75249
44.537 3.50497
39.5541 2.83558
13.8416 1.75249
44.537 3.50497
12.2473 2.16619
82.4381 4.33239
24.0669 2.67756
7.49711 12.2473 2.16619
82.4381 4.33239
24.0669 2.67756
7.49711 1.65482
56.4185 3.30965
19.1871 2.04548
7.6383 1.264171.65482
56.4185 3.30965
19.1871 2.04548
7.6383 1.26417
30.4986 2.52835
10.8757 1.5626
39.9756 3.12521

30.4986 2.52835
10.8757 1.5626
39.9756 3.12521
12.1174 1.93148
64.4541 3.86297
18.683 2.38745
6.3280212.1174 1.93148
64.4541 3.86297
18.683 2.38745
6.32802 1.47552
50.445 2.95105
18.3389 1.82385
7.92425  1.47552
50.445 2.95105
18.3389 1.82385
7.92425 1.1272
23.8138 2.2544
8.77085 1.39329
36.4949 2.78659
1.1272
23.8138 2.2544
8.77085 1.39329
36.4949 2.78659
12.0755 1.72221
50.7283 3.44441
14.6736 2.12877
12.0755 1.72221
50.7283 3.44441
14.6736 2.12877
79.1396 4.25753
21.744 2.6313
6.52565 1.62623
64.0079 79.1396 4.25753
21.744 2.6313
6.52565 1.62623
64.0079 3.25246
22.7078 2.01013
9.13812 1.24233
27.9752 2.484663.25246
22.7078 2.01013
9.13812 1.24233
27.9752 2.48466
9.4428 1.53561
45.7542 3.07121
14.4881 1.89811

9.4428 1.53561
45.7542 3.07121
14.4881 1.89811
60.9414 3.79622
16.5392 2.3462
5.57306 1.45003
56.623560.9414 3.79622
16.5392 2.3462
5.57306 1.45003
56.6235 2.90006
21.4773 1.79233
9.42591 1.10772
21.0928  2.90006
21.4773 1.79233
9.42591 1.10772
21.0928 2.21545
7.49485 1.36922
41.0029 2.73844
14.2165 1.69245
2.21545
7.49485 1.36922
41.0029 2.73844
14.2165 1.69245
46.0867 3.3849
12.5267 2.09198
85.196 4.18397
46.0867 3.3849
12.5267 2.09198
85.196 4.18397
24.7367 2.58583
7.58184 1.59813
57.937 3.19627
19.6043 24.7367 2.58583
7.58184 1.59813
57.937 3.19627
19.6043 1.9754
7.71701 1.22087
31.0675 2.44173
10.9982 1.509071.9754
7.71701 1.22087
31.0675 2.44173
10.9982 1.50907
40.5323 3.01815
12.2109 1.86532
64.9478 3.73063

40.5323 3.01815
12.2109 1.86532
64.9478 3.73063
18.7628 2.30566
6.31325 1.42498
50.3102 2.84995
18.303218.7628 2.30566
6.31325 1.42498
50.3102 2.84995
18.3032 1.76137
7.91688 1.08858
23.5027 2.17717
8.67698 1.34556 1.76137
7.91688 1.08858
23.5027 2.17717
8.67698 1.34556
35.8724 2.69113
11.9275 1.66321
49.3022 3.32642

35.8724 2.69113
11.9275 1.66321
49.3022 3.32642
14.3116 2.05584
76.5829 4.11168
21.1464 2.54116
6.44618 14.3116 2.05584
76.5829 4.11168
21.1464 2.54116
6.44618 1.57052
61.3036 3.14104
21.8774 1.94127
8.92735 1.199771.57052
61.3036 3.14104
21.8774 1.94127
8.92735 1.19977
26.799 2.39954
9.19201 1.483
43.5507 2.966

26.799 2.39954
9.19201 1.483
43.5507 2.966
13.9551 1.83309
57.7336 3.66617
15.8448 2.26582
5.51011 13.9551 1.83309
57.7336 3.66617
15.8448 2.26582
5.51011 1.40035
53.5093 2.80071
20.4877 1.73093
9.15658 1.069781.40035
53.5093 2.80071
20.4877 1.73093
9.15658 1.06978
20.0186 2.13955
7.2981 1.32232
38.7537 2.64463
13.6424
20.0186 2.13955
7.2981 1.32232
38.7537 2.64463
13.6424 1.63447
43.3347 3.26894
11.9837 2.02032
80.0535 4.04064
 1.63447
43.3347 3.26894
11.9837 2.02032
80.0535 4.04064
23.4812 2.49725
7.41214 1.54339
54.3445 3.08677
18.5763 23.4812 2.49725
7.41214 1.54339
54.3445 3.08677
18.5763 1.90773
7.49712 1.17904
29.3807 2.35808
10.6097 1.457381.90773
7.49712 1.17904
29.3807 2.35808
10.6097 1.45738
38.0794 2.91475
11.6784 1.80142
61.0221 3.60283
17.8684 2.22667
6.21991 1.37616
47.1809 2.75232

38.0794 2.91475
11.6784 1.80142
61.0221 3.60283
17.8684 2.22667
6.21991 1.37616
47.1809 2.75232
17.3503 1.70103
7.68074 1.05129
22.2926 2.10258
8.43316 1.29947
17.3503 1.70103
7.68074 1.05129
22.2926 2.10258
8.43316 1.29947
33.7171 2.59894
11.4116 1.60623
46.3844 3.21246
13.701633.7171 2.59894
11.4116 1.60623
46.3844 3.21246
13.7016 1.98541
71.6564 3.97082
19.9947 2.4541
6.31339 1.51672 1.98541
71.6564 3.97082
19.9947 2.4541
6.31339 1.51672
57.5848 3.03344
20.7703 1.87477
8.66675 1.15867

57.5848 3.03344
20.7703 1.87477
8.66675 1.15867
25.2582 2.31734
8.8652 1.43219
41.009 2.86439
13.3675 25.2582 2.31734
8.8652 1.43219
41.009 2.86439
13.3675 1.77029
54.0807 3.54058
15.0561 2.1882
5.44501 1.35238
50.3051.77029
54.0807 3.54058
15.0561 2.1882
5.44501 1.35238
50.305 2.70476
19.471 1.67164
8.881 1.03313
18.9419 2.06625 2.70476
19.471 1.67164
8.881 1.03313
18.9419 2.06625
7.10436 1.27702
36.5288 2.55403
13.075 1.57848

7.10436 1.27702
36.5288 2.55403
13.075 1.57848
40.6614 3.15696
11.4619 1.95111
75.0808 3.90221
22.267 40.6614 3.15696
11.4619 1.95111
75.0808 3.90221
22.267 2.4117
7.24856 1.49051
50.92 2.98103
17.5987 1.84237
7.289242.4117
7.24856 1.49051
50.92 2.98103
17.5987 1.84237
7.28924 1.13865
27.7764 2.2773
10.2399 1.40745
35.7646 2.8149 1.13865
27.7764 2.2773
10.2399 1.40745
35.7646 2.8149
11.1777 1.7397
57.3167 3.47941
17.0237 2.15039

11.1777 1.7397
57.3167 3.47941
17.0237 2.15039
6.13178 1.32901
44.2446 2.65803
16.4571 1.64275
7.45986 6.13178 1.32901
44.2446 2.65803
16.4571 1.64275
7.45986 1.01528
21.1565 2.03055
8.2041 1.25495
31.7005 2.5099
1.01528
21.1565 2.03055
8.2041 1.25495
31.7005 2.5099
10.9294 1.55121
43.6523 3.10241
13.1302 1.9174
10.9294 1.55121
43.6523 3.10241
13.1302 1.9174
67.0526 3.83479
18.9192 2.37003
6.18988 1.46476
54.1079 2.92952
67.0526 3.83479
18.9192 2.37003
6.18988 1.46476
54.1079 2.92952
19.7346 1.81054
8.42265 1.11898
23.8211 2.23795
8.560919.7346 1.81054
8.42265 1.11898
23.8211 2.23795
8.5609 1.38313
38.6338 2.76626
12.8179 1.70964
50.6737 3.41929 1.38313
38.6338 2.76626
12.8179 1.70964
50.6737 3.41929
14.3212 2.11324
82.1614 4.22647
22.7995 2.6121

14.3212 2.11324
82.1614 4.22647
22.7995 2.6121
6.78457 1.61437
63.2035 3.22874
22.1326 1.99547
8.81392 6.78457 1.61437
63.2035 3.22874
22.1326 1.99547
8.81392 1.23327
28.8842 2.46654
9.82587 1.5244
44.6678 3.04881
13.9537 1.23327
28.8842 2.46654
9.82587 1.5244
44.6678 3.04881
13.9537 1.88427
62.024 3.76853
17.0693 2.32908
5.72141 1.43945
1.88427
62.024 3.76853
17.0693 2.32908
5.72141 1.43945
55.0573 2.8789
20.6929 1.77926
9.0463 1.09964
21.5855.0573 2.8789
20.6929 1.77926
9.0463 1.09964
21.58 2.19929
7.73534 1.35923
39.667 2.71847
13.632 1.6801 2.19929
7.73534 1.35923
39.667 2.71847
13.632 1.6801
46.62 3.36021
12.8768 2.07672
82.8069 4.15345

46.62 3.36021
12.8768 2.07672
82.8069 4.15345
23.7926 2.56697
7.28433 1.58648
58.3985 3.17295
20.0226 1.96099
23.7926 2.56697
7.28433 1.58648
58.3985 3.17295
20.0226 1.96099
7.95621 1.21196
29.9148 2.42392
10.5255 1.49806
40.98987.95621 1.21196
29.9148 2.42392
10.5255 1.49806
40.9898 2.99613
12.5441 1.85171
62.9032 3.70342
17.9853 2.28884 2.99613
12.5441 1.85171
62.9032 3.70342
17.9853 2.28884
6.0971 1.41458
50.7363 2.82916
18.6976 1.74852

6.0971 1.41458
50.7363 2.82916
18.6976 1.74852
8.15968 1.08064
22.5608 2.16129
8.31314 1.33575
36.3119 8.15968 1.08064
22.5608 2.16129
8.31314 1.33575
36.3119 2.6715
12.2532 1.65108
47.6203 3.30215
13.6927 2.04084
2.6715
12.2532 1.65108
47.6203 3.30215
13.6927 2.04084
76.8895 4.08168
21.5537 2.52262
6.63496 1.55906
59.3118 76.8895 4.08168
21.5537 2.52262
6.63496 1.55906
59.3118 3.11813
20.9848 1.92711
8.54952 1.19102
27.2245 2.38204
3.11813
20.9848 1.92711
8.54952 1.19102
27.2245 2.38204
9.46629 1.47218
42.0159 2.94436
13.3495 1.81972
9.46629 1.47218
42.0159 2.94436
13.3495 1.81972
4.53777 1
6.63789 2
46.8248 4
4.53777 1
6.63789 2
46.8248 4
12.4044 2.47214
81.2595 4.94427
19.695 3.05573
3.4405212.4044 2.47214
81.2595 4.94427
19.695 3.05573
3.44052 1.88854
73.56 3.77709
22.8634 2.33437
6.31044 1.44272
31.2334 2.88544
7.34251 1.7833 1.88854
73.56 3.77709
22.8634 2.33437
6.31044 1.44272
31.2334 2.88544
7.34251 1.7833
53.0676 3.5666
13.1917 2.20428
75.2339 4.40856

53.0676 3.5666
13.1917 2.20428
75.2339 4.40856
16.8694 2.72464
2.2232 1.68392
67.5828 3.36784
22.134 16.8694 2.72464
2.2232 1.68392
67.5828 3.36784
22.134 2.08144
6.70466 1.2864
23.1516 2.5728
4.86107 1.590082.08144
6.70466 1.2864
23.1516 2.5728
4.86107 1.59008
47.4669 3.18015
12.8112 1.96544
56.4783 3.93089

47.4669 3.18015
12.8112 1.96544
56.4783 3.93089
11.6732 2.42942
105.063 4.85884
26.3777 3.00293
11.6732 2.42942
105.063 4.85884
26.3777 3.00293
4.33126 1.85591
72.2016 3.71183
21.1586 2.29404
5.136634.33126 1.85591
72.2016 3.71183
21.1586 2.29404
5.13663 1.41779
34.5792 2.83558
8.66505 1.75249
49.0918  1.41779
34.5792 2.83558
8.66505 1.75249
49.0918 3.50497
11.2275 2.16619
78.6884 4.33239
18.6489 2.67756
2.723523.50497
11.2275 2.16619
78.6884 4.33239
18.6489 2.67756
2.72352 1.65482
62.0838 3.30965
19.4063 2.04548
5.39326  1.65482
62.0838 3.30965
19.4063 2.04548
5.39326 1.26417
24.7848 2.52835
5.69803 1.5626
42.8901 3.125211.26417
24.7848 2.52835
5.69803 1.5626
42.8901 3.12521
10.8341 1.93148
58.3386 3.86297
12.9143 2.38745

10.8341 1.93148
58.3386 3.86297
12.9143 2.38745
97.0526 4.77489
23.2267 2.95105
3.36435 1.82385
74.0016 3.6476997.0526 4.77489
23.2267 2.95105
3.36435 1.82385
74.0016 3.64769
22.6866 2.2544
6.01145 1.39329
30.8012 2.78659

22.6866 2.2544
6.01145 1.39329
30.8012 2.78659
7.12773 1.72221
50.8719 3.44441
12.4559 2.12877
72.06177.12773 1.72221
50.8719 3.44441
12.4559 2.12877
72.0617 4.25753
16.1223 2.6313
2.05131 1.62623
63.8739  4.25753
16.1223 2.6313
2.05131 1.62623
63.8739 3.25246
20.8957 2.01013
6.3014 1.24233
21.74273.25246
20.8957 2.01013
6.3014 1.24233
21.7427 2.48466
4.54079 1.53561
44.6519 3.07121
 2.48466
4.54079 1.53561
44.6519 3.07121
12.0562 1.89811
52.9411 3.79622
10.9261 2.3462
12.0562 1.89811
52.9411 3.79622
10.9261 2.3462
98.6405 4.69239
24.7944 2.90006
4.08784 98.6405 4.69239
24.7944 2.90006
4.08784 1.79233
67.6506 3.58467
19.8214 2.21545
1.79233
67.6506 3.58467
19.8214 2.21545
4.81629 1.36922
32.4782 2.73844
8.16524 1.692454.81629 1.36922
32.4782 2.73844
8.16524 1.69245
45.9674 3.3849
10.52 2.09198
73.8183
45.9674 3.3849
10.52 2.09198
73.8183 4.18397
17.535 2.58583
2.59229 1.59813
 4.18397
17.535 2.58583
2.59229 1.59813
58.1561 3.19627
18.1883 1.9754
5.07143 1.2208758.1561 3.19627
18.1883 1.9754
5.07143 1.22087
23.2903 2.44173
5.38952 1.50907
40.1763
23.2903 2.44173
5.38952 1.50907
40.1763 3.01815
10.1666 1.86532
54.7477 3.73063
 3.01815
10.1666 1.86532
54.7477 3.73063
12.1631 2.30566
90.9078 4.61132
21.7722 12.1631 2.30566
90.9078 4.61132
21.7722 2.84995
3.18305 1.76137
69.4575 3.52273
21.3375 2.84995
3.18305 1.76137
69.4575 3.52273
21.3375 2.17717
5.69226 1.34556
28.8749 2.69113
2.17717
5.69226 1.34556
28.8749 2.69113
6.70695 1.66321
47.7805 3.32642
11.7446 2.055846.70695 1.66321
47.7805 3.32642
11.7446 2.05584
67.5449 4.11168
15.1336 2.54116
1.96095
67.5449 4.11168
15.1336 2.54116
1.96095 1.57052
60.0097 3.14104
19.6753 1.94127
 1.57052
60.0097 3.14104
19.6753 1.94127
5.9718 1.19977
20.4091 2.39954
4.29229 1.483
5.9718 1.19977
20.4091 2.39954
4.29229 1.483
41.9836 2.966
11.3808 1.83309
49.6729 41.9836 2.966
11.3808 1.83309
49.6729 3.66617
10.278 2.26582
92.6881 4.53164
3.66617
10.278 2.26582
92.6881 4.53164
23.3509 2.80071
3.89653 1.73093
63.4972 3.4618723.3509 2.80071
3.89653 1.73093
63.4972 3.46187
18.6244 2.13955
4.55462 1.32232
30.5816 2.64463
18.6244 2.13955
4.55462 1.32232
30.5816 2.64463
7.73313 1.63447
43.1683 3.26894
9.90542
7.73313 1.63447
43.1683 3.26894
9.90542 2.02032
69.4416 4.04064
16.5467 2.49725
 2.02032
69.4416 4.04064
16.5467 2.49725
2.49211 1.54339
54.633 3.08677
17.1061 2.49211 1.54339
54.633 3.08677
17.1061 1.90773
4.79729 1.17904
21.9674 2.35808
1.90773
4.79729 1.17904
21.9674 2.35808
5.12756 1.45738
37.7609 2.91475
9.58032 1.80142
5.12756 1.45738
37.7609 2.91475
9.58032 1.80142
51.5617 3.60283
11.5054 2.22667
85.4393 4.4533451.5617 3.60283
11.5054 2.22667
85.4393 4.45334
20.4824 2.75232
3.02896 1.70103
65.4154 3.40205
20.1428 2.10258

20.4824 2.75232
3.02896 1.70103
65.4154 3.40205
20.1428 2.10258
5.41533 1.29947
27.1629 2.59894
6.33723 1.606235.41533 1.29947
27.1629 2.59894
6.33723 1.60623
45.0311 3.21246
11.1161 1.98541
63.5168
45.0311 3.21246
11.1161 1.98541
63.5168 3.97082
14.2543 2.4541
102.682 4.9082
 3.97082
14.2543 2.4541
102.682 4.9082
24.2015 3.03344
3.32657 1.87477
80.4977 24.2015 3.03344
3.32657 1.87477
80.4977 3.74953
24.9135 2.31734
6.6959 1.43219
3.74953
24.9135 2.31734
6.6959 1.43219
32.2444 2.86439
7.2444 1.77029
55.4987 3.5405832.2444 2.86439
7.2444 1.77029
55.4987 3.54058
13.7713 2.1882
76.1431 4.3764
16.714
13.7713 2.1882
76.1431 4.3764
16.714 2.70476
1.99006 1.67164
69.6171 3.34327
22.9898 2.70476
1.99006 1.67164
69.6171 3.34327
22.9898 2.06625
7.02524 1.27702
22.6703 2.55403
 2.06625
7.02524 1.27702
22.6703 2.55403
4.55482 1.57848
48.8042 3.15696
13.3472 4.55482 1.57848
48.8042 3.15696
13.3472 1.95111
55.8323 3.90221
11.247 2.4117
1.95111
55.8323 3.90221
11.247 2.4117
107.262 4.8234
27.246 2.98103
4.58 1.84237107.262 4.8234
27.246 2.98103
4.58 1.84237
71.5211 3.68475
20.6474 2.2773
4.84473 
71.5211 3.68475
20.6474 2.2773
4.84473 1.40745
35.6074 2.8149
9.08515 1.7397
1.40745
35.6074 2.8149
9.08515 1.7397
48.4253 3.47941
10.8235 2.15039
80.4314 4.3007848.4253 3.47941
10.8235 2.15039
80.4314 4.30078
19.3423 2.65803
2.91013 1.64275
61.4102
19.3423 2.65803
2.91013 1.64275
61.4102 3.28551
18.9218 2.03055
5.11182 1.25495
 3.28551
18.9218 2.03055
5.11182 1.25495
25.6151 2.5099
6.02548 1.55121
42.2615 3.10241
25.6151 2.5099
6.02548 1.55121
42.2615 3.10241
10.4516 1.9174
59.7661 3.83479
13.4698 10.4516 1.9174
59.7661 3.83479
13.4698 2.37003
96.3237 4.74006
22.7125 2.92952
2.37003
96.3237 4.74006
22.7125 2.92952
3.15332 1.81054
75.6846 3.62108
23.4815 2.237953.15332 1.81054
75.6846 3.62108
23.4815 2.23795
6.35913 1.38313
30.2372 2.76626
6.81694 1.70964
6.35913 1.38313
30.2372 2.76626
6.81694 1.70964
52.1894 3.41929
13.0065 2.11324
71.3597
52.1894 3.41929
13.0065 2.11324
71.3597 4.22647
15.6782 2.6121
1.90284 1.61437
 4.22647
15.6782 2.6121
1.90284 1.61437
65.4097 3.22874
21.6569 1.99547
6.66502 65.4097 3.22874
21.6569 1.99547
6.66502 1.23327
21.2425 2.46654
4.29573 1.5244
1.23327
21.2425 2.46654
4.29573 1.5244
45.8666 3.04881
12.5997 1.88427
52.2714 3.76853
45.8666 3.04881
12.5997 1.88427
52.2714 3.76853
10.5481 2.32908
100.654 4.65816
25.6348 2.878910.5481 2.32908
100.654 4.65816
25.6348 2.8789
4.36366 1.77926
66.9334 3.55852
19.3345
4.36366 1.77926
66.9334 3.55852
19.3345 2.19929
4.56376 1.35923
33.4636 2.71847
 2.19929
4.56376 1.35923
33.4636 2.71847
8.59216 1.6801
45.3063 3.36021
10.1459 8.59216 1.6801
45.3063 3.36021
10.1459 2.07672
75.4509 4.15345
18.2086 2.56697
2.79215 2.07672
75.4509 4.15345
18.2086 2.56697
2.79215 1.58648
57.4338 3.17295
17.71 1.96099
1.58648
57.4338 3.17295
17.71 1.96099
4.81088 1.21196
24.0799 2.42392
5.7165 1.498064.81088 1.21196
24.0799 2.42392
5.7165 1.49806
39.5183 2.99613
9.79386 1.85171
56.0559
39.5183 2.99613
9.79386 1.85171
56.0559 3.70342
12.6945 2.28884
90.0431 4.57768
 3.70342
12.6945 2.28884
90.0431 4.57768
21.2424 2.82916
2.98291 1.74852
70.9416 3.49703
21.2424 2.82916
2.98291 1.74852
70.9416 3.49703
22.0702 2.16129
6.02736 1.33575
28.2645 22.0702 2.16129
6.02736 1.33575
28.2645 2.6715
6.39745 1.65108
48.9399 3.30215
2.6715
6.39745 1.65108
48.9399 3.30215
12.2558 2.04084
66.6737 4.08168
14.6646 2.5226212.2558 2.04084
66.6737 4.08168
14.6646 2.52262
110.901 5.04524
26.4327 3.11813
3.71445
110.901 5.04524
26.4327 3.11813
3.71445 1.92711
84.5987 3.85422
25.8571 2.38204
6.76297 1.92711
84.5987 3.85422
25.8571 2.38204
6.76297 1.47218
35.0898 2.94436
8.01775 1.81972
 1.47218
35.0898 2.94436
8.01775 1.81972
4.2424 1
6.914164.2424 1
6.91416 2
51.641 4
13.3259 2.47214 2
51.641 4
13.3259 2.47214
83.1552 4.94427
19.1422 3.05573

83.1552 4.94427
19.1422 3.05573
2.65774 1.88854
75.0003 3.77709
23.5578 2.65774 1.88854
75.0003 3.77709
23.5578 2.33437
6.48005 1.44272
29.2766 2.88544
2.33437
6.48005 1.44272
29.2766 2.88544
6.25565 1.7833
54.3532 3.5666
13.6289 2.20428
72.6437 4.408566.25565 1.7833
54.3532 3.5666
13.6289 2.20428
72.6437 4.40856
15.4443 2.72464
1.51279 1.68392
69.474
15.4443 2.72464
1.51279 1.68392
69.474 3.36784
22.8978 2.08144
6.85431 1.2864 3.36784
22.8978 2.08144
6.85431 1.2864
21.8625 2.5728
3.98604 1.59008

21.8625 2.5728
3.98604 1.59008
49.1964 3.18015
13.2907 1.96544
55.2005 49.1964 3.18015
13.2907 1.96544
55.2005 3.93089
10.6251 2.42942
108.681 4.85884
3.93089
10.6251 2.42942
108.681 4.85884
27.4718 3.00293
4.32404 1.85591
27.4718 3.00293
4.32404 1.85591
71.0976 3.71183
20.0107 2.29404
4.24757 1.4177971.0976 3.71183
20.0107 2.29404
4.24757 1.41779
36.0378 2.83558
8.94581 1.75249

36.0378 2.83558
8.94581 1.75249
47.9722 3.50497
10.1963 2.16619
81.7608 47.9722 3.50497
10.1963 2.16619
81.7608 4.33239
19.454 2.67756
2.55995 1.65482
4.33239
19.454 2.67756
2.55995 1.65482
61.0396 3.30965
18.2855 2.04548
4.4803461.0396 3.30965
18.2855 2.04548
4.48034 1.26417
25.8781 2.52835
5.77887 1.5626 1.26417
25.8781 2.52835
5.77887 1.5626
41.7789 3.12521
9.7966 1.93148

41.7789 3.12521
9.7966 1.93148
60.7759 3.86297
13.4346 2.38745
96.3704 60.7759 3.86297
13.4346 2.38745
96.3704 4.77489
22.0959 2.95105
2.51739 1.82385
4.77489
22.0959 2.95105
2.51739 1.82385
76.971 3.64769
23.6735 2.2544
6.0973476.971 3.64769
23.6735 2.2544
6.09734 1.39329
29.6678 2.78659
6.14889 1.72221 1.39329
29.6678 2.78659
6.14889 1.72221
53.0162 3.44441
12.9314 2.12877
71.1615
53.0162 3.44441
12.9314 2.12877
71.1615 4.25753
15.0178 2.6313
1.27157 1.62623 4.25753
15.0178 2.6313
1.27157 1.62623
66.4251 3.25246
21.7651 2.01013

66.4251 3.25246
21.7651 2.01013
6.38438 1.24233
20.611 2.48466
3.62635 6.38438 1.24233
20.611 2.48466
3.62635 1.53561
46.5066 3.07121
12.4798 1.898111.53561
46.5066 3.07121
12.4798 1.89811
51.8893 3.79622
9.86508 2.3462
102.372 
51.8893 3.79622
9.86508 2.3462
102.372 4.69239
25.8261 2.90006
3.98815 1.79233
4.69239
25.8261 2.90006
3.98815 1.79233
66.6672 3.58467
18.6756 2.21545
66.6672 3.58467
18.6756 2.21545
3.87908 1.36922
33.8165 2.73844
8.34479 3.87908 1.36922
33.8165 2.73844
8.34479 1.69245
44.8359 3.3849
9.44792 2.09198
76.65071.69245
44.8359 3.3849
9.44792 2.09198
76.6507 4.18397
18.2071 2.58583
2.34267 1.59813 4.18397
18.2071 2.58583
2.34267 1.59813
57.0425 3.19627
17.0249 1.9754

57.0425 3.19627
17.0249 1.9754
4.11201 1.22087
24.2082 2.44173
5.3694 4.11201 1.22087
24.2082 2.44173
5.3694 1.50907
38.9731 3.01815
9.08101 1.86532
1.50907
38.9731 3.01815
9.08101 1.86532
56.8518 3.73063
12.5426 2.30566
89.9572 56.8518 3.73063
12.5426 2.30566
89.9572 4.61132
20.5655 2.84995
2.29041 1.76137
4.61132
20.5655 2.84995
2.29041 1.76137
71.995 3.52273
22.1337 2.17717
5.6786871.995 3.52273
22.1337 2.17717
5.67868 1.34556
27.6229 2.69113
5.67784 1.66321 1.34556
27.6229 2.69113
5.67784 1.66321
49.5653 3.32642
12.0785 2.05584

49.5653 3.32642
12.0785 2.05584
66.3385 4.11168
13.9484 2.54116
112.676 5.0823166.3385 4.11168
13.9484 2.54116
112.676 5.08231
26.5842 3.14104
3.27793 1.94127

26.5842 3.14104
3.27793 1.94127
84.4062 3.88254
25.1851 2.39954
6.0333 84.4062 3.88254
25.1851 2.39954
6.0333 1.483
35.418 2.966
7.71611 1.83309
1.483
35.418 2.966
7.71611 1.83309
57.671 3.66617
13.4129 2.26582
83.492957.671 3.66617
13.4129 2.26582
83.4929 4.53164
18.256 2.80071
1.71231 1.73093 4.53164
18.256 2.80071
1.71231 1.73093
72.6414 3.46187
23.1026 2.13955
6.35848
72.6414 3.46187
23.1026 2.13955
6.35848 1.32232
24.8122 2.64463
4.66146 1.63447 1.32232
24.8122 2.64463
4.66146 1.63447
50.4494 3.26894
12.9417 2.02032

50.4494 3.26894
12.9417 2.02032
61.1619 4.04064
12.1563 2.49725
112.707 61.1619 4.04064
12.1563 2.49725
112.707 4.9945
27.5661 3.08677
3.82932 1.90773
4.9945
27.5661 3.08677
3.82932 1.90773
78.2408 3.81546
22.5455 2.35808
4.9793578.2408 3.81546
22.5455 2.35808
4.97935 1.45738
36.3872 2.91475
8.47378 1.80142 1.45738
36.3872 2.91475
8.47378 1.80142
52.9909 3.60283
11.6673 2.22667

52.9909 3.60283
11.6673 2.22667
83.9787 4.45334
19.2002 2.75232
2.12977 83.9787 4.45334
19.2002 2.75232
2.12977 1.70103
67.1225 3.40205
20.6142 2.10258
1.70103
67.1225 3.40205
20.6142 2.10258
5.27148 1.29947
25.7893 2.59894
5.29675 1.60623
46.1971 3.212465.27148 1.29947
25.7893 2.59894
5.29675 1.60623
46.1971 3.21246
11.2384 1.98541
61.9278 3.97082
13.0219
11.2384 1.98541
61.9278 3.97082
13.0219 2.4541
105.061 4.9082
24.7647  2.4541
105.061 4.9082
24.7647 3.03344
3.03726 1.87477
78.7951 3.74953
3.03344
3.03726 1.87477
78.7951 3.74953
23.5156 2.31734
5.63159 1.43219
33.002923.5156 2.31734
5.63159 1.43219
33.0029 2.86439
7.17384 1.77029
53.8394 3.54058 2.86439
7.17384 1.77029
53.8394 3.54058
12.5245 2.1882
77.8385 4.3764
17 
12.5245 2.1882
77.8385 4.3764
17 2.70476
1.58147 1.67164
67.8186 3.34327
2.70476
1.58147 1.67164
67.8186 3.34327
21.5748 2.06625
5.93831 1.27702
21.5748 2.06625
5.93831 1.27702
23.1128 2.55403
4.32877 1.57848
47.1025 23.1128 2.55403
4.32877 1.57848
47.1025 3.15696
12.0877 1.95111
57.0089 3.90221
3.15696
12.0877 1.95111
57.0089 3.90221
11.314 2.4117
105.207 4.8234
25.7423 11.314 2.4117
105.207 4.8234
25.7423 2.98103
3.57723 1.84237
72.9394 3.68475
2.98103
3.57723 1.84237
72.9394 3.68475
21.0008 2.2773
4.62665 1.40745
33.977421.0008 2.2773
4.62665 1.40745
33.9774 2.8149
7.91678 1.7397
49.3903 3.47941 2.8149
7.91678 1.7397
49.3903 3.47941
10.8599 2.15039
78.3961 4.30078

10.8599 2.15039
78.3961 4.30078
17.9332 2.65803
1.99011 1.64275
62.5727 3.28551
17.9332 2.65803
1.99011 1.64275
62.5727 3.28551
19.2022 2.03055
4.90057 1.25495
19.2022 2.03055
4.90057 1.25495
24.085 2.5099
4.9503 1.55121
43.0571 24.085 2.5099
4.9503 1.55121
43.0571 3.10241
10.462 1.9174
57.8159 3.83479
3.10241
10.462 1.9174
57.8159 3.83479
12.1655 2.37003
97.9537 4.74006
23.072512.1655 2.37003
97.9537 4.74006
23.0725 2.92952
2.82064 1.81054
73.5603 3.62108
 2.92952
2.82064 1.81054
73.5603 3.62108
21.9638 2.23795
5.26443 1.38313
30.7543 21.9638 2.23795
5.26443 1.38313
30.7543 2.76626
6.6749 1.70964
50.2685 3.41929
2.76626
6.6749 1.70964
50.2685 3.41929
11.7024 2.11324
72.5654 4.22647
11.7024 2.11324
72.5654 4.22647
15.8342 2.6121
1.46637 1.61437
63.3192 15.8342 2.6121
1.46637 1.61437
63.3192 3.22874
20.1539 1.99547
5.5524 1.23327
21.53323.22874
20.1539 1.99547
5.5524 1.23327
21.5332 2.46654
4.02488 1.5244
43.983 3.04881 2.46654
4.02488 1.5244
43.983 3.04881
11.2962 1.88427
53.14 3.76853

11.2962 1.88427
53.14 3.76853
10.5344 2.32908
98.2108 4.65816
24.04510.5344 2.32908
98.2108 4.65816
24.045 2.8789
3.34735 1.77926
67.9978 3.55852 2.8789
3.34735 1.77926
67.9978 3.55852
19.5652 2.19929
4.30325 1.35923
31.7329 
19.5652 2.19929
4.30325 1.35923
31.7329 2.71847
7.40183 1.6801
46.0366 3.36021
2.71847
7.40183 1.6801
46.0366 3.36021
10.112 2.07672
73.1909 4.15345
10.112 2.07672
73.1909 4.15345
16.7554 2.56697
1.86451 1.58648
58.3319 16.7554 2.56697
1.86451 1.58648
58.3319 3.17295
17.8895 1.96099
4.55934 1.21196
3.17295
17.8895 1.96099
4.55934 1.21196
22.4989 2.42392
4.63141 1.49806
40.1324 2.9961322.4989 2.42392
4.63141 1.49806
40.1324 2.99613
9.74222 1.85171
53.984 3.70342

9.74222 1.85171
53.984 3.70342
11.3705 2.28884
91.3288 4.57768
21.4983 11.3705 2.28884
91.3288 4.57768
21.4983 2.82916
2.62272 1.74852
68.6799 3.49703
2.82916
2.62272 1.74852
68.6799 3.49703
20.5196 2.16129
4.92561 1.33575
20.5196 2.16129
4.92561 1.33575
28.6611 2.6715
6.21347 1.65108
46.9409 3.30215
28.6611 2.6715
6.21347 1.65108
46.9409 3.30215
10.9389 2.04084
67.6517 4.08168
14.750710.9389 2.04084
67.6517 4.08168
14.7507 2.52262
108.219 5.04524
24.7879 3.11813
2.72307 1.92711
85.7731 3.85422
26.1963 2.38204 2.52262
108.219 5.04524
24.7879 3.11813
2.72307 1.92711
85.7731 3.85422
26.1963 2.38204
6.59086 1.47218
33.2856 2.94436
6.83287
6.59086 1.47218
33.2856 2.94436
6.83287 1.81972
 1.81972
4.10714 1
7.10061 2
4.10714 1
7.10061 2
51.9612 4
13.2308 2.47214
51.9612 4
13.2308 2.47214
85.3189 4.94427
19.7628 3.05573
85.3189 4.94427
19.7628 3.05573
2.74509 1.88854
75.9629 3.77709
2.74509 1.88854
75.9629 3.77709
23.6702 2.33437
6.38579 1.44272
30.067723.6702 2.33437
6.38579 1.44272
30.0677 2.88544
6.45192 1.7833
54.4743  2.88544
6.45192 1.7833
54.4743 3.5666
13.4901 2.20428
73.6739 3.5666
13.4901 2.20428
73.6739 4.40856
15.7274 2.72464
1.51996 4.40856
15.7274 2.72464
1.51996 1.68392
69.0945 3.36784
22.6548 2.08144
6.7026 1.2864
1.68392
69.0945 3.36784
22.6548 2.08144
6.7026 1.2864
21.9986 2.5728
4.02186 1.59008
21.9986 2.5728
4.02186 1.59008
48.7762 3.18015
13.0765 1.96544
48.7762 3.18015
13.0765 1.96544
55.368 3.93089
10.7007 2.42942
55.368 3.93089
10.7007 2.42942
108.007 4.85884
27.1659 3.00293
108.007 4.85884
27.1659 3.00293
4.1949 1.85591
71.3024 3.71183
4.1949 1.85591
71.3024 3.71183
20.1273 2.29404
4.28533 1.41779
35.709920.1273 2.29404
4.28533 1.41779
35.7099 2.83558
8.7748 1.75249
48.1869  2.83558
8.7748 1.75249
48.1869 3.50497
10.2819 2.16619
81.3173 3.50497
10.2819 2.16619
81.3173 4.33239
19.2263 2.67756
2.45716 4.33239
19.2263 2.67756
2.45716 1.65482
61.3318 3.30965
18.4227 1.65482
61.3318 3.30965
18.4227 2.04548
4.52432 1.26417
25.646 2.52835
2.04548
4.52432 1.26417
25.646 2.52835
5.64521 1.5626
42.0411 3.12521
5.64521 1.5626
42.0411 3.12521
9.89066 1.93148
60.495 3.86297
9.89066 1.93148
60.495 3.86297
13.2623 2.38745
96.8814 4.77489
13.2623 2.38745
96.8814 4.77489
22.2803 2.95105
2.54046 1.82385
22.2803 2.95105
2.54046 1.82385
76.7192 3.64769
23.4767 2.2544
76.7192 3.64769
23.4767 2.2544
5.96545 1.39329
29.9161 2.78659
5.96545 1.39329
29.9161 2.78659
6.21965 1.72221
52.8021 3.44441
6.21965 1.72221
52.8021 3.44441
12.7712 2.12877
71.6602 4.25753
12.7712 2.12877
71.6602 4.25753
15.1744 2.6313
1.27257 1.62623
15.1744 2.6313
1.27257 1.62623
66.2385 3.25246
21.5893 2.01013
6.25293 66.2385 3.25246
21.5893 2.01013
6.25293 1.24233
20.8236 2.48466
3.67032 1.24233
20.8236 2.48466
3.67032 1.53561
46.3289 3.07121
12.3267 1.53561
46.3289 3.07121
12.3267 1.89811
52.3337 3.79622
9.98623 1.89811
52.3337 3.79622
9.98623 2.3462
102.27 4.69239
25.6581 2.3462
102.27 4.69239
25.6581 2.90006
3.87281 1.79233
67.2212 3.58467
2.90006
3.87281 1.79233
67.2212 3.58467
18.8822 2.21545
3.92768 1.36922
18.8822 2.21545
3.92768 1.36922
33.6547 2.73844
8.20816 1.69245
33.6547 2.73844
8.20816 1.69245
45.2535 3.3849
9.56749 2.09198
45.2535 3.3849
9.56749 2.09198
76.5459 4.18397
18.053 2.58583
76.5459 4.18397
18.053 2.58583
2.24154 1.59813
57.5542 3.19627
17.22172.24154 1.59813
57.5542 3.19627
17.2217 1.9754
4.16419 1.22087
24.0557 1.9754
4.16419 1.22087
24.0557 2.44173
5.2469 1.50907
39.3584  2.44173
5.2469 1.50907
39.3584 3.01815
9.19763 1.86532
56.7364 3.01815
9.19763 1.86532
56.7364 3.73063
12.3999 2.30566
90.7145 3.73063
12.3999 2.30566
90.7145 4.61132
20.7997 2.84995
2.31212 4.61132
20.7997 2.84995
2.31212 1.76137
71.9144 3.52273
21.9856 2.177171.76137
71.9144 3.52273
21.9856 2.17717
5.55474 1.34556
27.9231 2.69113

5.55474 1.34556
27.9231 2.69113
5.7532 1.66321
49.4477 3.32642
5.7532 1.66321
49.4477 3.32642
11.9376 2.05584
66.9472 4.11168
11.9376 2.05584
66.9472 4.11168
14.1212 2.54116
112.71 5.08231
14.1212 2.54116
112.71 5.08231
26.4412 3.14104
3.16754 1.94127
26.4412 3.14104
3.16754 1.94127
85.1496 3.88254
25.4667 2.39954
85.1496 3.88254
25.4667 2.39954
6.11338 1.483
35.286 2.966
7.58529 6.11338 1.483
35.286 2.966
7.58529 1.83309
58.2219 3.66617
13.5806 1.83309
58.2219 3.66617
13.5806 2.26582
83.4634 4.53164
18.1131 2.26582
83.4634 4.53164
18.1131 2.80071
1.61606 1.73093
73.3057 2.80071
1.61606 1.73093
73.3057 3.46187
23.3659 2.13955
6.44231 3.46187
23.3659 2.13955
6.44231 1.32232
24.6734 2.64463
4.54256 1.63447
1.32232
24.6734 2.64463
4.54256 1.63447
50.947 3.26894
13.104 2.02032
50.947 3.26894
13.104 2.02032
61.0865 4.04064
12.0183 2.49725
61.0865 4.04064
12.0183 2.49725
113.668 4.9945
27.872 3.08677
113.668 4.9945
27.872 3.08677
3.87585 1.90773
78.2096 3.81546
3.87585 1.90773
78.2096 3.81546
22.4063 2.35808
4.85849 1.45738
22.4063 2.35808
4.85849 1.45738
36.7714 2.91475
8.58442 1.80142
36.7714 2.91475
8.58442 1.80142
52.9 3.60283
11.5298 2.22667
52.9 3.60283
11.5298 2.22667
84.7382 4.45334
19.4278 2.75232
2.1455984.7382 4.45334
19.4278 2.75232
2.14559 1.70103
67.065 3.40205
20.4741 1.70103
67.065 3.40205
20.4741 2.10258
5.14872 1.29947
26.0804  2.10258
5.14872 1.29947
26.0804 2.59894
5.36497 1.60623
46.0929 2.59894
5.36497 1.60623
46.0929 3.21246
11.1009 1.98541
62.5228 3.21246
11.1009 1.98541
62.5228 3.97082
13.1854 2.4541
105.114 4.9082
24.6278 3.03344
3.97082
13.1854 2.4541
105.114 4.9082
24.6278 3.03344
2.92631 1.87477
79.5189 3.74953
2.92631 1.87477
79.5189 3.74953
23.785 2.31734
5.70396 1.43219
23.785 2.31734
5.70396 1.43219
32.8761 2.86439
7.04381 1.77029
32.8761 2.86439
7.04381 1.77029
54.3705 3.54058
12.6818 2.1882
54.3705 3.54058
12.6818 2.1882
77.8138 4.3764
16.8592 2.70476
1.4836577.8138 4.3764
16.8592 2.70476
1.48365 1.67164
68.4575 3.34327
21.8244 1.67164
68.4575 3.34327
21.8244 2.06625
6.01407 1.27702
22.9749 2.06625
6.01407 1.27702
22.9749 2.55403
4.20919 1.57848
47.5775 2.55403
4.20919 1.57848
47.5775 3.15696
12.239 1.95111
56.9313  3.15696
12.239 1.95111
56.9313 3.90221
11.1759 2.4117
106.126 3.90221
11.1759 2.4117
106.126 4.8234
26.0314 2.98103
3.61678 1.84237
4.8234
26.0314 2.98103
3.61678 1.84237
72.9018 3.68475
20.8609 2.2773
72.9018 3.68475
20.8609 2.2773
4.50496 1.40745
34.3405 2.8149
4.50496 1.40745
34.3405 2.8149
8.01776 1.7397
49.2944 3.47941
8.01776 1.7397
49.2944 3.47941
10.7216 2.15039
79.1162 4.30078
10.7216 2.15039
79.1162 4.30078
18.1458 2.65803
2.00006 1.64275
18.1458 2.65803
2.00006 1.64275
62.5063 3.28551
19.0605 2.03055
62.5063 3.28551
19.0605 2.03055
4.77688 1.25495
24.3573 2.5099
4.77688 1.25495
24.3573 2.5099
5.01032 1.55121
42.9466 3.10241
5.01032 1.55121
42.9466 3.10241
10.3234 1.9174
58.3758 3.83479
10.3234 1.9174
58.3758 3.83479
12.316 2.37003
97.9861 4.74006
22.9324 12.316 2.37003
97.9861 4.74006
22.9324 2.92952
2.70843 1.81054
74.2404 2.92952
2.70843 1.81054
74.2404 3.62108
22.2147 2.23795
5.32829 3.62108
22.2147 2.23795
5.32829 1.38313
30.622 2.76626
6.54361 1.38313
30.622 2.76626
6.54361 1.70964
50.7659 3.41929
11.8468 2.113241.70964
50.7659 3.41929
11.8468 2.11324
72.5228 4.22647
15.6906 2.6121

72.5228 4.22647
15.6906 2.6121
1.36698 1.61437
63.9167 3.22874
1.36698 1.61437
63.9167 3.22874
20.3854 1.99547
5.61942 1.23327
20.3854 1.99547
5.61942 1.23327
21.3907 2.46654
3.90395 1.5244
21.3907 2.46654
3.90395 1.5244
44.426 3.04881
11.4346 1.88427
44.426 3.04881
11.4346 1.88427
53.0476 3.76853
10.3939 2.32908
53.0476 3.76853
10.3939 2.32908
99.0675 4.65816
24.3129 2.8789
99.0675 4.65816
24.3129 2.8789
3.37992 1.77926
67.9393 3.55852
3.37992 1.77926
67.9393 3.55852
19.4206 2.19929
4.18015 1.35923
19.4206 2.19929
4.18015 1.35923
32.0697 2.71847
7.49252 1.6801
32.0697 2.71847
7.49252 1.6801
45.9269 3.36021
9.97132 2.07672
73.859845.9269 3.36021
9.97132 2.07672
73.8598 4.15345
16.9509 2.56697
1.86892 4.15345
16.9509 2.56697
1.86892 1.58648
58.2464 3.17295
17.7431  1.58648
58.2464 3.17295
17.7431 1.96099
4.43419 1.21196
22.75 1.96099
4.43419 1.21196
22.75 2.42392
4.68324 1.49806
40.0091 2.99613
2.42392
4.68324 1.49806
40.0091 2.99613
9.60108 1.85171
54.5021 3.70342
9.60108 1.85171
54.5021 3.70342
11.5075 2.28884
91.3265 4.57768
11.5075 2.28884
91.3265 4.57768
21.3519 2.82916
2.5092 1.74852
21.3519 2.82916
2.5092 1.74852
69.3084 3.49703
20.7502 2.16129
69.3084 3.49703
20.7502 2.16129
4.98102 1.33575
28.5195 2.6715
6.080364.98102 1.33575
28.5195 2.6715
6.08036 1.65108
47.3998 3.30215
11.0699 1.65108
47.3998 3.30215
11.0699 2.04084
67.5828 4.08168
14.6028 2.04084
67.5828 4.08168
14.6028 2.52262
109.129 5.04524
25.0572 2.52262
109.129 5.04524
25.0572 3.11813
2.74256 1.92711
85.7472  3.11813
2.74256 1.92711
85.7472 3.85422
26.0504 2.38204
6.45564 3.85422
26.0504 2.38204
6.45564 1.47218
33.6288 2.94436
6.91327 1.47218
33.6288 2.94436
6.91327 1.81972
1.81972
4.0424 1
4.0424 1
7.20188 2
52.23597.20188 2
52.2359 4
13.2282 2.47214
 4
13.2282 2.47214
86.2519 4.94427
19.9977 86.2519 4.94427
19.9977 3.05573
2.7591 1.88854
3.05573
2.7591 1.88854
76.2812 3.77709
23.7099 76.2812 3.77709
23.7099 2.33437
6.35371 1.44272
2.33437
6.35371 1.44272
30.2895 2.88544
6.49709 1.7833
30.2895 2.88544
6.49709 1.7833
54.5718 3.5666
54.5718 3.5666
13.464 2.20428
74.0819 4.40856
13.464 2.20428
74.0819 4.40856
15.8268 2.72464
15.8268 2.72464
1.51688 1.68392
69.1959 3.36784
1.51688 1.68392
69.1959 3.36784
22.6452 2.08144
22.6452 2.08144
6.66832 1.2864
22.1046 2.5728
6.66832 1.2864
22.1046 2.5728
4.03753 1.59008
48.7957 3.18015
4.03753 1.59008
48.7957 3.18015
13.0439 1.96544
55.5759 3.9308913.0439 1.96544
55.5759 3.93089
10.7465 2.42942

10.7465 2.42942
108.084 4.85884
27.1364 3.00293108.084 4.85884
27.1364 3.00293
4.15816 1.85591

4.15816 1.85591
71.5202 3.71183
20.2019 2.29404
71.5202 3.71183
20.2019 2.29404
4.29983 1.41779
4.29983 1.41779
35.6677 2.83558
8.73137 1.75249
35.6677 2.83558
8.73137 1.75249
48.3182 3.50497
48.3182 3.50497
10.3168 2.16619
81.2672 4.33239
10.3168 2.16619
81.2672 4.33239
19.1714 2.67756
2.4223119.1714 2.67756
2.42231 1.65482
61.4629 3.30965
 1.65482
61.4629 3.30965
18.4753 2.04548
4.5377318.4753 2.04548
4.53773 1.26417
25.5761 2.52835
 1.26417
25.5761 2.52835
5.60037 1.5626
42.12585.60037 1.5626
42.1258 3.12521
9.91865 1.93148
 3.12521
9.91865 1.93148
60.3892 3.86297
13.2005 60.3892 3.86297
13.2005 2.38745
97.0053 4.77489
2.38745
97.0053 4.77489
22.328 2.95105
2.54438 22.328 2.95105
2.54438 1.82385
76.5853 3.64769
1.82385
76.5853 3.64769
23.3969 2.2544
5.91824 1.3932923.3969 2.2544
5.91824 1.39329
29.9659 2.78659

29.9659 2.78659
6.23463 1.72221
52.6805 3.44441
6.23463 1.72221
52.6805 3.44441
12.707 2.12877
12.707 2.12877
71.7315 4.25753
15.204 2.6313
71.7315 4.25753
15.204 2.6313
1.27026 1.62623
1.27026 1.62623
66.0974 3.25246
21.5085 2.01013
66.0974 3.25246
21.5085 2.01013
6.20494 1.24233
20.8565 6.20494 1.24233
20.8565 2.48466
3.67742 1.53561
2.48466
3.67742 1.53561
46.2089 3.07121
12.2634 46.2089 3.07121
12.2634 1.89811
52.3837 3.79622
1.89811
52.3837 3.79622
10.006 2.3462
102.081 4.6923910.006 2.3462
102.081 4.69239
25.569 2.90006

25.569 2.90006
3.83311 1.79233
67.276 3.584673.83311 1.79233
67.276 3.58467
18.9128 2.21545

18.9128 2.21545
3.93597 1.36922
33.5531 3.93597 1.36922
33.5531 2.73844
8.15542 1.69245
2.73844
8.15542 1.69245
45.3013 3.3849
9.58735 2.09198
45.3013 3.3849
9.58735 2.09198
76.3883 4.18397
76.3883 4.18397
17.9789 2.58583
2.2093 1.59813
17.9789 2.58583
2.2093 1.59813
57.6096 3.19627
57.6096 3.19627
17.2521 1.9754
4.17392 1.22087
17.2521 1.9754
4.17392 1.22087
23.972 2.44173
5.2037 23.972 2.44173
5.2037 1.50907
39.4069 3.01815
1.50907
39.4069 3.01815
9.2182 1.86532
56.6085 9.2182 1.86532
56.6085 3.73063
12.3391 2.30566
3.73063
12.3391 2.30566
90.7862 4.61132
20.835790.7862 4.61132
20.8357 2.84995
2.3169 1.76137
 2.84995
2.3169 1.76137
71.7745 3.52273
21.9084 71.7745 3.52273
21.9084 2.17717
5.51169 1.34556
2.17717
5.51169 1.34556
27.9676 2.69113
5.76845 27.9676 2.69113
5.76845 1.66321
49.3352 3.32642
1.66321
49.3352 3.32642
11.8797 2.05584
67.0195 4.11168
11.8797 2.05584
67.0195 4.11168
14.152 2.54116
14.152 2.54116
112.542 5.08231
26.3601 3.14104
112.542 5.08231
26.3601 3.14104
3.13343 1.94127
3.13343 1.94127
85.2367 3.88254
25.5126 2.39954
85.2367 3.88254
25.5126 2.39954
6.13062 1.483
35.19596.13062 1.483
35.1959 2.966
7.53879 1.83309
 2.966
7.53879 1.83309
58.297 3.66617
13.612758.297 3.66617
13.6127 2.26582
83.331 4.53164
 2.26582
83.331 4.53164
18.0477 2.80071
1.5894418.0477 2.80071
1.58944 1.73093
73.3972 3.46187
 1.73093
73.3972 3.46187
23.4131 2.13955
6.46157 23.4131 2.13955
6.46157 1.32232
24.6009 2.64463
1.32232
24.6009 2.64463
4.50542 1.63447
51.0241 4.50542 1.63447
51.0241 3.26894
13.1373 2.02032
3.26894
13.1373 2.02032
60.9816 4.04064
11.9654 2.49725
60.9816 4.04064
11.9654 2.49725
113.794 4.9945
113.794 4.9945
27.9276 3.08677
3.88904 1.90773
27.9276 3.08677
3.88904 1.90773
78.0981 3.81546
78.0981 3.81546
22.3398 2.35808
4.82139 1.45738
22.3398 2.35808
4.82139 1.45738
36.8397 2.91475
8.6105736.8397 2.91475
8.61057 1.80142
52.8078 3.60283
 1.80142
52.8078 3.60283
11.4794 2.22667
84.855111.4794 2.22667
84.8551 4.45334
19.4747 2.75232
 4.45334
19.4747 2.75232
2.15301 1.70103
66.96862.15301 1.70103
66.9686 3.40205
20.4127 2.10258
 3.40205
20.4127 2.10258
5.11178 1.29947
26.1389 5.11178 1.29947
26.1389 2.59894
5.38413 1.60623
2.59894
5.38413 1.60623
46.0111 3.21246
11.0528 46.0111 3.21246
11.0528 1.98541
62.6271 3.97082
1.98541
62.6271 3.97082
13.2235 2.4541
105.009 4.908213.2235 2.4541
105.009 4.9082
24.5642 3.03344

24.5642 3.03344
2.89656 1.87477
79.645 3.749532.89656 1.87477
79.645 3.74953
23.8428 2.31734
5.72498 1.43219

23.8428 2.31734
5.72498 1.43219
32.8075 2.86439
7.00411 1.7702932.8075 2.86439
7.00411 1.77029
54.4714 3.54058

54.4714 3.54058
12.7204 2.1882
77.726 12.7204 2.1882
77.726 4.3764
16.8059 2.70476
4.3764
16.8059 2.70476
1.46016 1.67164
68.5791 1.46016 1.67164
68.5791 3.34327
21.8815 2.06625
3.34327
21.8815 2.06625
6.03688 1.27702
22.917 6.03688 1.27702
22.917 2.55403
4.17674 1.57848
2.55403
4.17674 1.57848
47.6747 3.15696
12.278 1.95111
47.6747 3.15696
12.278 1.95111
56.8569 3.90221
56.8569 3.90221
11.1312 2.4117
106.295 4.823411.1312 2.4117
106.295 4.8234
26.0975 2.98103

26.0975 2.98103
3.63236 1.84237
72.8262 3.68475
3.63236 1.84237
72.8262 3.68475
20.8069 2.2773
4.4724120.8069 2.2773
4.47241 1.40745
34.4217 2.8149
 1.40745
34.4217 2.8149
8.04752 1.7397
8.04752 1.7397
49.2267 3.47941
10.6786 2.15039
49.2267 3.47941
10.6786 2.15039
79.2612 4.30078
18.1993 79.2612 4.30078
18.1993 2.65803
2.0092 1.64275
2.65803
2.0092 1.64275
62.4381 3.28551
19.0096 62.4381 3.28551
19.0096 2.03055
4.74431 1.25495
2.03055
4.74431 1.25495
24.4238 2.5099
5.03178 24.4238 2.5099
5.03178 1.55121
42.8844 3.10241
1.55121
42.8844 3.10241
10.2819 1.9174
58.4979 3.8347910.2819 1.9174
58.4979 3.83479
12.3581 2.37003

12.3581 2.37003
97.9197 4.74006
22.8801 2.9295297.9197 4.74006
22.8801 2.92952
2.68179 1.81054

2.68179 1.81054
74.3874 3.62108
22.2788 2.23795
74.3874 3.62108
22.2788 2.23795
5.35139 1.38313
5.35139 1.38313
30.5668 2.76626
6.50851 1.70964
30.5668 2.76626
6.50851 1.70964
50.88 3.41929
50.88 3.41929
11.8887 2.11324
72.4615 4.22647
11.8887 2.11324
72.4615 4.22647
15.6451 2.6121
1.34577 15.6451 2.6121
1.34577 1.61437
64.0535 3.22874
1.61437
64.0535 3.22874
20.4474 1.99547
5.64406 20.4474 1.99547
5.64406 1.23327
21.3419 2.46654
1.23327
21.3419 2.46654
3.87473 1.5244
44.5333.87473 1.5244
44.533 3.04881
11.4764 1.88427
 3.04881
11.4764 1.88427
52.991 3.76853
10.3545 52.991 3.76853
10.3545 2.32908
99.2581 4.65816
2.32908
99.2581 4.65816
24.384 2.8789
3.39676 24.384 2.8789
3.39676 1.77926
67.8844 3.55852
1.77926
67.8844 3.55852
19.3742 2.19929
4.15069 1.35923
19.3742 2.19929
4.15069 1.35923
32.1568 2.71847
32.1568 2.71847
7.52394 1.6801
45.8734 3.36021
7.52394 1.6801
45.8734 3.36021
9.93306 2.07672
9.93306 2.07672
74.0177 4.15345
17.0074 2.5669774.0177 4.15345
17.0074 2.56697
1.87902 1.58648
58.1944
1.87902 1.58648
58.1944 3.17295
17.6988 1.96099
 3.17295
17.6988 1.96099
4.40459 1.21196
22.81994.40459 1.21196
22.8199 2.42392
4.70576 1.49806
 2.42392
4.70576 1.49806
39.9583 2.99613
9.5638739.9583 2.99613
9.56387 1.85171
54.6318 3.70342
 1.85171
54.6318 3.70342
11.5512 2.28884
91.281511.5512 2.28884
91.2815 4.57768
21.3065 2.82916
 4.57768
21.3065 2.82916
2.48475 1.74852
69.4642 2.48475 1.74852
69.4642 3.49703
20.8167 2.16129
3.49703
20.8167 2.16129
5.00501 1.33575
28.4723 5.00501 1.33575
28.4723 2.6715
6.04834 1.65108
2.6715
6.04834 1.65108
47.5193 3.30215
11.113 2.04084
47.5193 3.30215
11.113 2.04084
67.5363 4.08168
67.5363 4.08168
14.5621 2.52262
109.35 5.04524
14.5621 2.52262
109.35 5.04524
25.134 3.11813
25.134 3.11813
2.75773 1.92711
85.7064 3.854222.75773 1.92711
85.7064 3.85422
26.005 2.38204
6.42343
26.005 2.38204
6.42343 1.47218
33.7239 2.94436
 1.47218
33.7239 2.94436
6.94449 1.81972
6.94449 1.81972
