5.82473 1
13.2889 2
6.82478 1.23607
5.06272 0.763932
15.1346 1.52786
7.84363 0.944272
5.46599 0.583592
4.80951 0.36068
7.09285 0.72136
5.38746 0.445825
4.84844 0.275535
4.712 0.17029
5.29668 0.34058
4.88604 0.21049
4.74802 0.13009
4.70693 0.0804
4.80549 0.1608
4.72563 0.0993798
4.70237 0.0614201
4.76354 0.12284
4.71545 0.0759194
4.70101 0.0469208
4.73432 0.0938416
4.70711 0.0579973
4.69925 0.0358443
4.72068 0.0716886
4.70402 0.044306
4.69896 0.0273826
4.71002 0.0547652
4.70084 0.0338468
4.69823 0.0209185
4.70583 0.0418369
4.70003 0.0258566
4.69824 0.0159803
4.69781 0.00987635
4.70002 0.0197527
4.69853 0.0122078
4.69801 0.00754486
4.69784 0.00466298
4.69779 0.00288188
4.69795 0.00576376
4.69783 0.0035622
4.6978 0.00220156
4.69779 0.00136064
4.69782 0.00272128
4.6978 0.00168184
4.69779 0.00103944
4.69779 0.000642407
4.69779 0.00128481
4.69779 0.000794059
4.69779 0.000490755
4.69779 0.00098151
4.69779 0.000606607
4.69779 0.000374904
4.69779 0.000749807
4.69779 0.000463406
4.69779 0.000286401
4.69779 0.000177005
4.69779 0.000354011
4.69779 0.000218791
4.69779 0.00013522
4.69779 8.35706e-05
4.69779 0.000167141
4.69779 0.000103299
4.69779 6.38423e-05
4.69779 0.000127685
4.69779 7.89134e-05
4.69779 4.87712e-05
4.69779 9.75423e-05
4.69779 6.02845e-05
4.69779 3.72579e-05
4.69779 7.45157e-05
4.69779 4.60532e-05
4.69779 2.84625e-05
4.69779 5.69249e-05
4.69779 3.51816e-05
4.69779 2.17434e-05
4.69779 4.34868e-05
4.69779 2.68763e-05
4.69779 1.66105e-05
4.69779 3.32209e-05
4.69779 2.05317e-05
4.69779 1.26893e-05
4.69779 7.8424e-06
4.69779 1.56848e-05
4.69779 9.69374e-06
4.69779 5.99106e-06
4.69779 3.70268e-06
4.69779 2.28838e-06
4.69779 4.57676e-06
4.69779 2.8286e-06
4.69779 1.74817e-06
4.69779 1.08043e-06
4.69779 2.16086e-06
4.69779 1.33548e-06
4.69779 8.25373e-07
4.69779 1.65075e-06
4.69779 1.02022e-06
4.69779 6.30529e-07
4.69779 1.26106e-06
4.69779 7.79377e-07
4.69779 4.81681e-07
4.69779 9.63363e-07
4.69779 5.95391e-07
4.69779 3.67972e-07
4.69779 7.35944e-07
4.69779 4.54838e-07
4.69779 2.81105e-07
4.69779 5.62211e-07
4.69779 3.47465e-07
4.69779 2.14745e-07
4.69779 4.29491e-07
4.69779 2.6544e-07
4.69779 1.64051e-07
4.69779 3.28102e-07
4.69779 2.02778e-07
4.69779 1.25324e-07
4.69779 2.50647e-07
4.69779 1.54909e-07
4.69779 9.57388e-08
4.69779 1.91478e-07
4.69779 1.1834e-07
4.69779 7.31379e-08
4.69779 4.52017e-08
4.69779 9.04035e-08
4.69779 5.58724e-08
4.69779 3.45311e-08
4.69779 2.13414e-08
4.69779 4.26827e-08
4.69779 2.63794e-08
4.69779 1.63034e-08
4.69779 1.0076e-08
4.69779 2.01521e-08
4.69779 1.24547e-08
4.69779 7.6974e-09
4.69779 4.75725e-09
4.69779 2.94014e-09
4.69779 1.81711e-09
4.69779 1.12304e-09
4.69779 6.94074e-10
4.69779 4.28961e-10
4.69779 2.65113e-10
4.69779 1.63849e-10
4.69779 1.01264e-10
4.69779 6.25846e-11
4.69779 3.86794e-11
4.69779 2.39052e-11
4.69779 1.47742e-11
4.69779 9.13097e-12
4.69779 5.64325e-12
4.69779 3.48772e-12
4.69779 2.15553e-12
4.69779 1.33219e-12
4.69779 8.23339e-13
4.69779 5.08852e-13
4.69779 3.14488e-13
4.69779 1.94364e-13
4.69779 1.20124e-13
4.69779 7.42405e-14
4.69779 4.58831e-14
4.69779 2.83573e-14
4.69779 1.75258e-14
4.69779 1.08315e-14
4.69779 6.69426e-15
4.69779 4.13728e-15
4.69779 2.55698e-15
4.69779 1.5803e-15
4.69779 9.76679e-16
4.69779 6.03621e-16
4.69779 3.73058e-16
4.69779 2.30563e-16
4.69779 1.42496e-16
4.69779 8.80671e-17
4.69779 5.44285e-17
4.69779 3.36386e-17
4.69779 2.07898e-17
4.69779 1.28488e-17
4.69779 7.94101e-18
4.69779 4.90781e-18
4.69779 3.03319e-18
4.69779 1.87462e-18
4.69779 1.15858e-18
4.69779 7.1604e-19
4.69779 4.42537e-19
4.69779 2.73503e-19
4.69779 1.69034e-19
4.69779 1.04469e-19
4.69779 6.45653e-20
4.69779 3.99035e-20
4.69779 2.46617e-20
4.69779 1.52418e-20
4.69779 9.41995e-21
4.69779 5.82185e-21
4.69779 3.5981e-21
4.69779 2.22375e-21
4.69779 1.37435e-21
4.69779 8.49396e-22
4.69779 5.24956e-22
4.69779 3.2444e-22
4.69779 2.00515e-22
4.69779 1.23925e-22
4.69779 7.659e-23
4.69779 4.73352e-23
4.69779 2.92548e-23
4.69779 1.80804e-23
4.69779 1.11743e-23
4.69779 6.90612e-24
4.69779 4.26821e-24
4.69779 2.6379e-24
4.69779 1.63031e-24
4.69779 1.00759e-24
4.69779 6.22724e-25
4.69779 3.84865e-25
4.69779 2.37859e-25
4.69779 1.47005e-25
4.69779 9.08542e-26
4.69779 5.6151e-26
4.69779 3.47032e-26
4.69779 2.14478e-26
4.69779 1.32555e-26
4.69779 8.19232e-27
4.69779 5.06313e-27
4.69779 3.12919e-27
4.69779 1.93394e-27
4.69779 1.19524e-27
4.69779 7.38701e-28
4.69779 4.56542e-28
4.69779 2.82159e-28
4.69779 1.74384e-28
4.69779 1.07775e-28
4.69779 6.66086e-29
4.69779 4.11664e-29
4.69779 2.54422e-29
4.69779 1.57242e-29
4.69779 9.71807e-30
4.69779 6.0061e-30
4.69779 3.71197e-30
4.69779 2.29412e-30
4.69779 1.41785e-30
4.69779 8.76278e-31
4.69779 5.41569e-31
4.69779 3.34708e-31
4.69779 2.06861e-31
4.69779 1.27847e-31
4.69779 7.90139e-32
4.69779 4.88333e-32
4.69779 3.01806e-32
4.69779 1.86527e-32
4.69779 1.1528e-32
4.69779 7.12468e-33
4.69779 4.40329e-33
4.69779 2.72139e-33
4.69779 1.68191e-33
4.69779 1.03948e-33
4.69779 6.42432e-34
4.69779 3.97045e-34
4.53777 1
6.63789 2
2.55593 1.23607
21.7492 2.47214
7.14023 1.52786
2.60931 0.944272
1.5271 0.583592
6.26838 1.16718
2.67869 0.72136
1.55943 0.445825
1.28757 0.275535
1.95045 0.55107
1.33364 0.34058
1.17715 0.21049
1.55896 0.42098
1.18079 0.26018
1.09066 0.1608
1.2576 0.3216
1.07424 0.19876
1.514 0.397519
1.08927 0.24568
0.985456 0.151839
1.21227 0.303678
1.01383 0.187683
0.960283 0.115995
1.0782 0.231989
0.956551 0.143377
1.18424 0.286754
0.961137 0.177224
0.907388 0.10953
1.01907 0.219061
0.920554 0.135387
0.894189 0.0836738
0.952844 0.167348
0.890867 0.103427
1.00736 0.206853
0.892617 0.127842
0.865117 0.0790108
0.917589 0.158022
0.869393 0.0976627
0.857006 0.0603589
0.884063 0.120718
0.854091 0.0746077
0.912619 0.149215
0.854346 0.0922202
0.84053 0.0569952
0.863667 0.11399
0.840864 0.07045
0.835402 0.0435405
0.846746 0.0870809
0.832938 0.053819
0.86193 0.107638
0.832676 0.0665239
0.884857 0.133048
0.834963 0.0822281
0.822644 0.0508197
0.851534 0.101639
0.827382 0.0628167
0.820562 0.0388228
0.834632 0.0776457
0.820233 0.0479877
0.846159 0.0959753
0.820875 0.059316
0.814754 0.0366593
0.827472 0.0733186
0.81629 0.0453134
0.813288 0.0280052
0.819729 0.0560104
0.812837 0.0346164
0.825729 0.0692327
0.812965 0.0427882
0.809921 0.0264445
0.815326 0.0528891
0.810187 0.0326873
0.808912 0.0202018
0.811599 0.0404037
0.808456 0.0249708
0.81478 0.0499417
0.808408 0.0308657
0.819739 0.0617313
0.808935 0.038152
0.80626 0.0235793
0.812575 0.0471585
0.807312 0.0291456
0.805821 0.018013
0.808852 0.0360259
0.805745 0.0222652
0.811318 0.0445305
0.805875 0.0275213
0.80456 0.0170091
0.807234 0.0340183
0.804861 0.0210244
0.804229 0.0129938
0.805567 0.0259876
0.804113 0.0160612
0.806847 0.0321225
0.804124 0.0198528
0.803478 0.0122697
0.804542 0.0245394
0.80349 0.0151662
0.803239 0.00937321
0.803743 0.0187464
0.803113 0.0115859
0.804422 0.0231719
0.803085 0.014321
0.805467 0.028642
0.803173 0.0177017
0.802611 0.0109403
0.803829 0.0218805
0.802778 0.0135229
0.80249 0.00835762
0.803078 0.0167152
0.802452 0.0103306
0.803601 0.0206612
0.802461 0.0127693
0.802189 0.00789187
0.802653 0.0157837
0.802205 0.00975488
0.802095 0.00602885
0.802315 0.0120577
0.802046 0.00745207
0.80259 0.0149041
0.802034 0.00921126
0.803022 0.0184225
0.80207 0.0113857
0.801837 0.00703678
0.802335 0.0140736
0.801903 0.00869794
0.801785 0.00537562
0.802022 0.0107512
0.801767 0.00664463
0.802236 0.0132893
0.801768 0.00821322
0.801657 0.00507605
0.801833 0.0101521
0.801656 0.00627434
0.802082 0.0125487
0.801655 0.00775551
0.802417 0.015511
0.801708 0.00958634
0.801528 0.00592468
0.801989 0.0118494
0.801617 0.00732331
0.801508 0.00452605
0.801714 0.00905211
0.801507 0.00559451
0.801869 0.011189
0.801517 0.0069152
0.801432 0.00427383
0.801611 0.00854765
0.801455 0.00528274
0.801412 0.00326491
0.801497 0.00652983
0.801404 0.00403565
0.801575 0.00807131
0.801404 0.00498834
0.801704 0.00997669
0.801418 0.00616593
0.801347 0.00381075
0.801511 0.00762151
0.801373 0.00471035
0.801335 0.00291116
0.80141 0.00582232
0.801331 0.00359839
0.801472 0.00719678
0.801332 0.00444785
0.801299 0.00274892
0.801354 0.00549785
0.8013 0.00339786
0.801287 0.00209999
0.801312 0.00419998
0.80128 0.00259573
0.801343 0.00519146
0.801277 0.0032085
0.801394 0.006417
0.80128 0.00396593
0.801253 0.00245108
0.801304 0.00490215
0.801257 0.0030297
0.801245 0.00187246
0.801268 0.00374491
0.80124 0.00231448
0.801293 0.00462897
0.801239 0.00286086
0.801334 0.00572172
0.801242 0.00353622
0.801219 0.0021855
0.801264 0.004371
0.801224 0.00270143
0.801214 0.00166957
0.801234 0.00333915
0.801211 0.00206371
0.801254 0.00412741
0.80121 0.00255088
0.801287 0.00510177
0.801213 0.00315306
0.801195 0.0019487
0.801233 0.0038974
0.8012 0.00240873
0.801191 0.00148868
0.801208 0.00297735
0.801189 0.0018401
0.801224 0.00368021
0.801189 0.00227449
0.801251 0.00454899
0.801191 0.00281143
0.801177 0.00173756
0.801209 0.00347512
0.801181 0.00214774
0.801174 0.00132738
0.801188 0.00265475
0.801172 0.00164073
0.801201 0.00328145
0.801172 0.00202805
0.801222 0.0040561
0.801175 0.00250681
0.801163 0.00154929
0.80119 0.00309859
0.801167 0.00191503
0.801161 0.00118355
0.801173 0.00236711
0.80116 0.00146295
0.801183 0.00292591
0.80116 0.00180831
0.801154 0.0011176
0.801163 0.00223519
0.801154 0.00138143
0.801175 0.00276285
0.801154 0.00170754
0.801191 0.00341507
0.801156 0.00211063
0.801148 0.00130444
0.801168 0.00260888
0.801151 0.00161238
0.801146 0.000996505
0.801155 0.00199301
0.801146 0.00123175
0.801163 0.0024635
0.801146 0.00152252
0.801142 0.000940972
0.801149 0.00188194
0.801142 0.0011631
0.801141 0.000718838
0.801144 0.00143768
0.80114 0.000888533
0.801147 0.00177707
0.80114 0.00109829
0.801153 0.00219657
0.80114 0.00135756
0.801137 0.000839017
0.801142 0.00167803
0.801137 0.00103708
0.801136 0.000640952
0.801138 0.0012819
0.801135 0.00079226
0.801141 0.00158452
4.2424 1
6.91416 2
2.48352 1.23607
23.2371 2.47214
7.21098 1.52786
2.31171 0.944272
13.9041 1.88854
4.02786 1.16718
1.29128 0.72136
9.81908 1.44272
3.25724 0.891649
1.2441 0.55107
5.33858 1.10214
1.74986 0.68116
0.783281 0.42098
3.73896 0.84196
1.47072 0.52036
0.77298 0.3216
2.09592 0.6432
0.886782 0.397519
0.574478 0.24568
1.4544 0.491361
0.761275 0.303678
0.553553 0.187683
0.954427 0.375366
0.570197 0.231989
0.475563 0.143377
0.668306 0.286754
0.494051 0.177224
0.44855 0.10953
0.540735 0.219061
0.439784 0.135387
0.635156 0.270774
0.440176 0.167348
0.394055 0.103427
0.469686 0.206853
0.394562 0.127842
0.376708 0.0790108
0.412431 0.158022
0.367444 0.0976627
0.460957 0.195325
0.365169 0.120718
0.535383 0.241436
0.370968 0.149215
0.330786 0.0922202
0.41477 0.18444
0.341191 0.11399
0.321365 0.07045
0.361069 0.1409
0.317613 0.0870809
0.397683 0.174162
0.317277 0.107638
0.458427 0.215276
0.324152 0.133048
0.290831 0.0822281
0.367838 0.164456
0.303297 0.101639
0.285118 0.0628167
0.320341 0.125633
0.283197 0.0776457
0.349252 0.155291
0.283729 0.0959753
0.268136 0.059316
0.293671 0.118632
0.268601 0.0733186
0.262573 0.0453134
0.273619 0.0906268
0.259104 0.0560104
0.288087 0.112021
0.257619 0.0692327
0.311428 0.138465
0.258661 0.0855763
0.245958 0.0528891
0.268082 0.105778
0.247012 0.0653745
0.241789 0.0404037
0.25123 0.0808073
0.239244 0.0499417
0.262547 0.0998834
0.238112 0.0617313
0.281093 0.123463
0.239021 0.0763041
0.228874 0.0471585
0.246653 0.094317
0.229785 0.0582911
0.225588 0.0360259
0.233086 0.0720518
0.22355 0.0445305
0.241962 0.0890609
0.2226 0.0550427
0.256606 0.110085
0.223259 0.0680365
0.215231 0.0420489
0.228959 0.0840977
0.21578 0.0519753
0.212539 0.0321225
0.218192 0.064245
0.210804 0.0397056
0.225155 0.0794111
0.209952 0.0490788
0.236659 0.0981576
0.210349 0.0606647
0.204044 0.0374929
0.214301 0.0749857
0.2042 0.0463437
0.201779 0.028642
0.20583 0.057284
0.200238 0.0354034
0.211282 0.0708069
0.199444 0.0437611
0.220282 0.0875221
0.199607 0.0540917
0.194688 0.0334305
0.202107 0.066861
0.194499 0.0413223
0.212272 0.0826447
0.194069 0.0510772
0.226397 0.102154
0.19598 0.0631349
0.188348 0.0390195
0.205429 0.0780391
0.190919 0.0482308
0.186886 0.0298083
0.194244 0.0596165
0.18625 0.036845
0.200393 0.0736901
0.186081 0.045543
0.21093 0.091086
0.18713 0.0562942
0.181264 0.0347917
0.193632 0.0695835
0.182894 0.043005
0.179974 0.0265785
0.185375 0.0531571
0.179299 0.0328529
0.190196 0.0657057
0.179055 0.0406084
0.198401 0.0812168
0.179727 0.0501947
0.17516 0.031022
0.18414 0.0620441
0.176099 0.0383453
0.173979 0.0236987
0.177838 0.0473975
0.173295 0.0292932
0.181605 0.0585865
0.172981 0.0362084
0.187993 0.0724169
0.173377 0.0447561
0.169833 0.0276608
0.176223 0.0553216
0.17026 0.0341906
0.168751 0.021131
0.171391 0.0422619
0.16806 0.0261193
0.174333 0.0522386
0.167701 0.0322852
0.179284 0.0645705
0.167882 0.0399067
0.165148 0.0246637
0.169558 0.0493274
0.165202 0.030486
0.164161 0.0188414
0.165844 0.0376828
0.163464 0.0232893
0.168131 0.0465785
0.163078 0.0287871
0.171954 0.0575742
0.163094 0.0355828
0.160999 0.0219914
0.163915 0.0439828
0.16079 0.0271829
0.168369 0.0543657
0.160594 0.0335999
0.174261 0.0671997
0.161268 0.0415317
0.158042 0.025668
0.164832 0.051336
0.158919 0.0317274
0.157316 0.0196086
0.160203 0.0392172
0.156934 0.0242376
0.162793 0.0484752
0.156771 0.0299593
0.167224 0.0599186
0.157109 0.0370317
0.154642 0.0228869
0.159334 0.0457737
0.155068 0.0282897
0.15396 0.017484
0.155931 0.034968
0.153541 0.0216114
0.157945 0.0432229
0.153329 0.0267132
0.161363 0.0534264
0.153492 0.0330193
0.151595 0.0204071
0.154789 0.0408141
0.151706 0.0252245
0.150952 0.0155896
0.152203 0.0311792
0.150509 0.0192698
0.153764 0.0385396
0.150261 0.0238188
0.156391 0.0476376
0.150292 0.0294417
0.148845 0.0181959
0.150919 0.0363919
0.148735 0.0224914
0.153921 0.0449829
0.148587 0.0278009
0.157992 0.0556019
0.149076 0.0343638
0.146856 0.021238
0.15155 0.042476
0.147469 0.0262516
0.146361 0.0162244
0.14834 0.0324488
0.1461 0.0200545
0.150104 0.0401089
0.145985 0.0247887
0.153129 0.0495774
0.146212 0.0306405
0.144525 0.0189369
0.147701 0.0378737
0.144801 0.0234073
0.144051 0.0144665
0.145372 0.028933
0.143754 0.0178816
0.146738 0.0357631
0.143597 0.0221028
0.149061 0.0442056
0.143694 0.0273206
0.142405 0.016885
0.144513 0.0337701
0.142447 0.0208711
0.14195 0.012899
0.14275 0.0257981
0.141625 0.0159441
0.143804 0.0318882
0.141439 0.019708
0.14558 0.0394159
0.141439 0.0243604
0.148538 0.0487208
0.141717 0.0301111
0.140041 0.0186097
0.143582 0.0372194
0.140519 0.0230028
0.139683 0.0142165
0.141223 0.0284331
0.139482 0.0175726
0.142577 0.0351452
0.139404 0.0217209
0.144892 0.0434418
0.139576 0.0268485
0.13828 0.0165933
4.10714 1
7.10061 2
2.45993 1.23607
23.4502 2.47214
7.16948 1.52786
2.21434 0.944272
14.2908 1.88854
4.11264 1.16718
1.26177 0.72136
9.93383 1.44272
3.22225 0.891649
1.17506 0.55107
5.44678 1.10214
1.75092 0.68116
0.742498 0.42098
3.73556 0.84196
1.42561 0.52036
0.719046 0.3216
2.08462 0.6432
0.854257 0.397519
0.531889 0.24568
1.43029 0.491361
0.721431 0.303678
0.509348 0.187683
0.917527 0.375366
0.530329 0.231989
0.433971 0.143377
0.634265 0.286754
0.454871 0.177224
0.407588 0.10953
0.50126 0.219061
0.39947 0.135387
0.594426 0.270774
0.399647 0.167348
0.353624 0.103427
0.428628 0.206853
0.354029 0.127842
0.336323 0.0790108
0.371559 0.158022
0.326849 0.0976627
0.419472 0.195325
0.32426 0.120718
0.493453 0.241436
0.329691 0.149215
0.28975 0.0922202
0.371378 0.18444
0.299134 0.11399
0.279865 0.07045
0.318169 0.1409
0.275608 0.0870809
0.354586 0.174162
0.274871 0.107638
0.414903 0.215276
0.28125 0.133048
0.248193 0.0822281
0.322287 0.164456
0.259393 0.101639
0.241901 0.0628167
0.275806 0.125633
0.239525 0.0776457
0.304519 0.155291
0.239617 0.0959753
0.224274 0.059316
0.247588 0.118632
0.223744 0.0733186
0.281246 0.146637
0.223064 0.0906268
0.326418 0.181254
0.229502 0.112021
0.205103 0.0692327
0.263173 0.138465
0.215032 0.0855763
0.201324 0.0528891
0.226944 0.105778
0.200129 0.0653745
0.247193 0.130749
0.200478 0.0808073
0.189368 0.0499417
0.207305 0.0998834
0.189622 0.0617313
0.185387 0.038152
0.19292 0.0763041
0.18277 0.0471585
0.202871 0.094317
0.181514 0.0582911
0.219159 0.116582
0.182002 0.0720518
0.173116 0.0445305
0.187421 0.0890609
0.173245 0.0550427
0.169868 0.0340183
0.175537 0.0680365
0.167667 0.0420489
0.183335 0.0840977
0.166559 0.0519753
0.196135 0.103951
0.166808 0.064245
0.159826 0.0397056
0.170485 0.0794111
0.159622 0.0490788
0.18489 0.0981576
0.159031 0.0606647
0.205034 0.121329
0.161825 0.0749857
0.150965 0.0463437
0.175557 0.0926874
0.154761 0.057284
0.148956 0.0354034
0.159577 0.0708069
0.148122 0.0437611
0.168339 0.0875221
0.147943 0.0540917
0.183355 0.108183
0.149503 0.066861
0.141144 0.0413223
0.159109 0.0826447
0.143637 0.0510772
0.139396 0.0315675
0.14727 0.0631349
0.138512 0.0390195
0.154145 0.0780391
0.138232 0.0482308
0.165846 0.0964616
0.139255 0.0596165
0.132737 0.036845
0.145875 0.0736901
0.134241 0.045543
0.13114 0.0281471
0.136829 0.0562942
0.130244 0.0347917
0.142198 0.0695835
0.129857 0.043005
0.151318 0.0860099
0.130486 0.0531571
0.12542 0.0328529
0.134828 0.0657057
0.126174 0.0406084
0.123953 0.0250974
0.127896 0.0501947
0.123042 0.031022
0.132085 0.0620441
0.122581 0.0383453
0.139156 0.0766907
0.122896 0.0473975
0.118983 0.0292932
0.125514 0.0585865
0.119178 0.0362084
0.117636 0.022378
0.120195 0.0447561
0.116709 0.0276608
0.123451 0.0553216
0.1162 0.0341906
0.128907 0.0683812
0.11627 0.0422619
0.11327 0.0261193
0.117609 0.0522386
0.113062 0.0322852
0.123836 0.0645705
0.112766 0.0399067
0.132309 0.0798135
0.113808 0.0493274
0.109195 0.030486
0.119065 0.0609721
0.110526 0.0376828
0.108196 0.0232893
0.112381 0.0465785
0.107687 0.0287871
0.116059 0.0575742
0.107476 0.0355828
0.122365 0.0711656
0.107982 0.0439828
0.104468 0.0271829
0.111249 0.0543657
0.105126 0.0335999
0.103525 0.0207659
0.106383 0.0415317
0.102953 0.025668
0.109239 0.051336
0.102665 0.0317274
0.114096 0.0634548
0.102911 0.0392172
0.100213 0.0242376
0.10481 0.0484752
0.1004 0.0299593
0.0993143 0.0185159
0.101125 0.0370317
0.098698 0.0228869
0.103336 0.0457737
0.0983531 0.0282897
0.107062 0.0565794
0.0984045 0.034968
0.0963485 0.0216114
0.0993143 0.0432229
0.096203 0.0267132
0.103552 0.0534264
0.0959879 0.0330193
0.109334 0.0660386
0.0966888 0.0408141
0.0935382 0.0252245
0.100198 0.050449
0.0944076 0.0311792
0.0928353 0.0192698
0.0956355 0.0385396
0.0924633 0.0238188
0.0981301 0.0476376
0.0922956 0.0294417
0.102411 0.0588833
0.0926123 0.0363919
0.0902243 0.0224914
0.0946937 0.0449829
0.0906011 0.0278009
0.089546 0.0171819
0.0913953 0.0343638
0.0891159 0.021238
0.0933243 0.042476
0.0888863 0.0262516
0.096605 0.0525033
0.0890138 0.0324488
0.0871917 0.0200545
0.0901261 0.0401089
0.0872287 0.0247887
0.086536 0.0153202
0.0876328 0.0306405
0.0860623 0.0189369
0.0891167 0.0378737
0.0857873 0.0234073
0.0916203 0.0468145
0.0857728 0.028933
0.0958013 0.0578659
0.0861544 0.0357631
0.083787 0.0221028
0.0887179 0.0442056
0.0844258 0.0273206
0.0832618 0.016885
0.0853978 0.0337701
0.0829621 0.0208711
0.0873058 0.0417421
0.0828352 0.0257981
0.0905698 0.0515961
0.0830619 0.0318882
0.081236 0.019708
0.0846063 0.0394159
0.0815018 0.0243604
0.0807062 0.0150555
0.0820923 0.0301111
0.0803633 0.0186097
0.0835626 0.0372194
0.0801761 0.0230028
0.0860651 0.0460057
0.0802595 0.0284331
0.0788694 0.0175726
0.0810481 0.0351452
0.0788661 0.0217209
0.0837412 0.0434418
0.0786987 0.0268485
0.0876979 0.0536971
4.0424 1
7.20188 2
2.45442 1.23607
23.6207 2.47214
7.17474 1.52786
2.17806 0.944272
14.4364 1.88854
4.138 1.16718
1.24419 0.72136
9.95542 1.44272
3.19998 0.891649
1.14354 0.55107
5.47187 1.10214
1.74241 0.68116
0.720625 0.42098
3.727 0.84196
1.4023 0.52036
0.69259 0.3216
2.077 0.6432
0.836281 0.397519
0.509465 0.24568
1.41935 0.491361
0.701397 0.303678
0.486602 0.187683
0.900679 0.375366
0.510015 0.231989
0.412265 0.143377
0.619386 0.286754
0.435514 0.177224
0.38662 0.10953
0.483358 0.219061
0.379545 0.135387
0.576382 0.270774
0.380089 0.167348
0.333622 0.103427
0.41158 0.206853
0.335372 0.127842
0.316969 0.0790108
0.354395 0.158022
0.308231 0.0976627
0.402208 0.195325
0.305977 0.120718
0.476684 0.241436
0.311966 0.149215
0.271668 0.0922202
0.355959 0.18444
0.282143 0.11399
0.262244 0.07045
0.301786 0.1409
0.258389 0.0870809
0.338241 0.174162
0.257931 0.107638
0.398857 0.215276
0.264644 0.133048
0.231376 0.0822281
0.307379 0.164456
0.243381 0.101639
0.225439 0.0628167
0.260159 0.125633
0.223321 0.0776457
0.288985 0.155291
0.223661 0.0959753
0.208159 0.059316
0.232712 0.118632
0.208172 0.0733186
0.202376 0.0453134
0.212731 0.0906268
0.198638 0.0560104
0.227164 0.112021
0.196987 0.0692327
0.250387 0.138465
0.197813 0.0855763
0.185207 0.0528891
0.206356 0.105778
0.185822 0.0653745
0.180829 0.0404037
0.189661 0.0808073
0.17805 0.0499417
0.200971 0.0998834
0.176775 0.0617313
0.219422 0.123463
0.1775 0.0763041
0.167433 0.0471585
0.18439 0.094317
0.167972 0.0582911
0.163969 0.0360259
0.170963 0.0720518
0.161736 0.0445305
0.179837 0.0890609
0.160667 0.0550427
0.194408 0.110085
0.161174 0.0680365
0.153209 0.0420489
0.166271 0.0840977
0.153455 0.0519753
0.150371 0.0321225
0.155606 0.064245
0.148472 0.0397056
0.162563 0.0794111
0.14752 0.0490788
0.174009 0.0981576
0.14779 0.0606647
0.141537 0.0374929
0.151249 0.0749857
0.141443 0.0463437
0.163988 0.0926874
0.140893 0.057284
0.182086 0.114568
0.143478 0.0708069
0.133753 0.0437611
0.155932 0.0875221
0.137228 0.0540917
0.131992 0.0334305
0.141559 0.066861
0.131285 0.0413223
0.149384 0.0826447
0.131148 0.0510772
0.162808 0.102154
0.132573 0.0631349
0.125099 0.0390195
0.141301 0.0780391
0.127398 0.0482308
0.123574 0.0298083
0.13068 0.0596165
0.122814 0.036845
0.136825 0.0736901
0.122589 0.045543
0.147284 0.091086
0.123528 0.0562942
0.117698 0.0347917
0.129569 0.0695835
0.119106 0.043005
0.116303 0.0265785
0.121459 0.0531571
0.115532 0.0328529
0.126258 0.0657057
0.115209 0.0406084
0.134416 0.0812168
0.115796 0.0501947
0.111261 0.031022
0.11979 0.0620441
0.111993 0.0383453
0.109979 0.0236987
0.113576 0.0473975
0.109195 0.0292932
0.117322 0.0585865
0.108803 0.0362084
0.123652 0.0724169
0.109109 0.0447561
0.105604 0.0276608
0.111552 0.0553216
0.10583 0.0341906
0.104426 0.021131
0.106785 0.0422619
0.103626 0.0261193
0.109699 0.0522386
0.103191 0.0322852
0.114586 0.0645705
0.103276 0.0399067
0.100586 0.0246637
0.104564 0.0493274
0.100446 0.030486
0.110075 0.0609721
0.100175 0.0376828
0.117703 0.0753656
0.101153 0.0465785
0.0970147 0.0287871
0.105966 0.0575742
0.0982561 0.0355828
0.096143 0.0219914
0.0999373 0.0439828
0.095711 0.0271829
0.103227 0.0543657
0.0955382 0.0335999
0.108874 0.0671997
0.0960106 0.0415317
0.0928624 0.025668
0.0990208 0.051336
0.0934951 0.0317274
0.0920413 0.0196086
0.0946495 0.0392172
0.0915506 0.0242376
0.0972046 0.0484752
0.0913087 0.0299593
0.101555 0.0599186
0.0915464 0.0370317
0.0891277 0.0228869
0.0933187 0.0457737
0.0893325 0.0282897
0.0883432 0.017484
0.0900129 0.034968
0.0878125 0.0216114
0.0919917 0.0432229
0.0875177 0.0267132
0.0953311 0.0534264
0.0875799 0.0330193
0.0857354 0.0204071
0.0884554 0.0408141
0.085637 0.0252245
0.0922059 0.050449
0.0854396 0.0311792
0.0974117 0.0623584
0.0860976 0.0385396
0.0832714 0.0238188
0.0893108 0.0476376
0.0840823 0.0294417
0.0826566 0.0181959
0.0851951 0.0363919
0.0823391 0.0224914
0.0874259 0.0449829
0.0821991 0.0278009
0.0912594 0.0556019
0.0824948 0.0343638
0.080356 0.021238
0.0844101 0.042476
0.0807199 0.0262516
0.0797629 0.0162244
0.0814489 0.0324488
0.0793913 0.0200545
0.0831739 0.0401089
0.0791952 0.0247887
0.0861109 0.0495774
0.0793196 0.0306405
0.077687 0.0189369
0.0803558 0.0378737
0.0777415 0.0234073
0.0771115 0.0144665
0.0781216 0.028933
0.0766999 0.0178816
0.0794489 0.0357631
0.0764616 0.0221028
0.08169 0.0442056
0.0764575 0.0273206
0.0854253 0.0546412
0.0768039 0.0337701
0.0746869 0.0208711
0.0791308 0.0417421
0.075276 0.0257981
0.0742269 0.0159441
0.0761543 0.0318882
0.0739662 0.019708
0.0778599 0.0394159
0.073859 0.0243604
0.0807776 0.0487208
0.074067 0.0301111
0.0724338 0.0186097
0.0754731 0.0372194
0.0726845 0.0230028
0.0719671 0.0142165
0.0732217 0.0284331
0.071667 0.0175726
0.0745348 0.0351452
0.0715039 0.0217209
0.076772 0.0434418
0.071583 0.0268485
0.0703394 0.0165933
