# 12358    1247
  1        1
  01       01
  001      11
  101      001
  0001     101
  1001     011
  0101     0001
  00001    1001
  10001    0101
  01001    1101
  00101    0011
  10101    1011
  000001   00001
  100001   10001
  010001   01001
  001001   11001
  101001   00101
  000101   10101
  100101   01101
  010101   00011
  0000001  10011
  1000001  01011
  0100001  11011
  0010001  000001
  1010001  100001
  0001001  010001
  1001001  110001
  0101001  001001
  0000101  101001
  1000101  011001
  0100101  000101
  0010101  100101
  1010101  010101
  00000001 110101
  10000001 001101
  01000001 101101
  00100001 000011
  10100001 100011
  00010001 010011
  10010001 110011
  01010001 001011
  00001001 101011
  10001001 011011
  01001001 0000001
  00101001 1000001
  10101001 0100001
  00000101 1100001
  10000101 0010001
  01000101 1010001
  00100101 0110001
  10100101 0001001
  00010101 1001001
  10010101 0101001
  01010101 1101001
