    0               11
    1              011
    2             0011
    3             1011
    4            00011
    5            10011
    6            01011
    7           000011
    8           100011
    9           010011
   10           001011
   11           101011
   12          0000011
   13          1000011
   14          0100011
   15          0010011
   16          1010011
   17          0001011
   18          1001011
   19          0101011
   20         00000011
   21         10000011
   22         01000011
   23         00100011
   24         10100011
   25         00010011
   26         10010011
   27         01010011
   28         00001011
   29         10001011
   30         01001011
   31         00101011
   32         10101011
   33        000000011
   34        100000011
   35        010000011
   36        001000011
   37        101000011
   38        000100011
   39        100100011
   40        010100011
   41        000010011
   42        100010011
   43        010010011
   44        001010011
   45        101010011
   46        000001011
   47        100001011
   48        010001011
   49        001001011
   50        101001011
   51        000101011
   52        100101011
   53        010101011
   54       0000000011
   55       1000000011
   56       0100000011
   57       0010000011
   58       1010000011
   59       0001000011
   60       1001000011
   61       0101000011
   62       0000100011
   63       1000100011
   64       0100100011
   65       0010100011
   66       1010100011
   67       0000010011
   68       1000010011
   69       0100010011
   70       0010010011
   71       1010010011
   72       0001010011
   73       1001010011
   74       0101010011
   75       0000001011
   76       1000001011
   77       0100001011
   78       0010001011
   79       1010001011
   80       0001001011
   81       1001001011
   82       0101001011
   83       0000101011
   84       1000101011
   85       0100101011
   86       0010101011
   87       1010101011
   88      00000000011
   89      10000000011
   90      01000000011
   91      00100000011
   92      10100000011
   93      00010000011
   94      10010000011
   95      01010000011
   96      00001000011
   97      10001000011
   98      01001000011
   99      00101000011
  100      10101000011
  101      00000100011
  102      10000100011
  103      01000100011
  104      00100100011
  105      10100100011
  106      00010100011
  107      10010100011
  108      01010100011
  109      00000010011
  110      10000010011
  111      01000010011
  112      00100010011
  113      10100010011
  114      00010010011
  115      10010010011
  116      01010010011
  117      00001010011
  118      10001010011
  119      01001010011
  120      00101010011
  121      10101010011
  122      00000001011
  123      10000001011
  124      01000001011
  125      00100001011
  126      10100001011
  127      00010001011
  128      10010001011
  129      01010001011
  130      00001001011
  131      10001001011
  132      01001001011
  133      00101001011
  134      10101001011
  135      00000101011
  136      10000101011
  137      01000101011
  138      00100101011
  139      10100101011
  140      00010101011
  141      10010101011
  142      01010101011
  143     000000000011
  144     100000000011
  145     010000000011
  146     001000000011
  147     101000000011
  148     000100000011
  149     100100000011
  150     010100000011
  151     000010000011
  152     100010000011
  153     010010000011
  154     001010000011
  155     101010000011
  156     000001000011
  157     100001000011
  158     010001000011
  159     001001000011
  160     101001000011
  161     000101000011
  162     100101000011
  163     010101000011
  164     000000100011
  165     100000100011
  166     010000100011
  167     001000100011
  168     101000100011
  169     000100100011
  170     100100100011
  171     010100100011
  172     000010100011
  173     100010100011
  174     010010100011
  175     001010100011
  176     101010100011
  177     000000010011
  178     100000010011
  179     010000010011
  180     001000010011
  181     101000010011
  182     000100010011
  183     100100010011
  184     010100010011
  185     000010010011
  186     100010010011
  187     010010010011
  188     001010010011
  189     101010010011
  190     000001010011
  191     100001010011
  192     010001010011
  193     001001010011
  194     101001010011
  195     000101010011
  196     100101010011
  197     010101010011
  198     000000001011
  199     100000001011
  200     010000001011
  201     001000001011
  202     101000001011
  203     000100001011
  204     100100001011
  205     010100001011
  206     000010001011
  207     100010001011
  208     010010001011
  209     001010001011
  210     101010001011
  211     000001001011
  212     100001001011
  213     010001001011
  214     001001001011
  215     101001001011
  216     000101001011
  217     100101001011
  218     010101001011
  219     000000101011
  220     100000101011
  221     010000101011
  222     001000101011
  223     101000101011
  224     000100101011
  225     100100101011
  226     010100101011
  227     000010101011
  228     100010101011
  229     010010101011
  230     001010101011
  231     101010101011
  232    0000000000011
  233    1000000000011
  234    0100000000011
  235    0010000000011
  236    1010000000011
  237    0001000000011
  238    1001000000011
  239    0101000000011
  240    0000100000011
  241    1000100000011
  242    0100100000011
  243    0010100000011
  244    1010100000011
  245    0000010000011
  246    1000010000011
  247    0100010000011
  248    0010010000011
  249    1010010000011
  250    0001010000011
  251    1001010000011
  252    0101010000011
  253    0000001000011
  254    1000001000011
  255    0100001000011
  256    0010001000011
  257    1010001000011
  258    0001001000011
  259    1001001000011
  260    0101001000011
  261    0000101000011
  262    1000101000011
  263    0100101000011
  264    0010101000011
  265    1010101000011
  266    0000000100011
  267    1000000100011
  268    0100000100011
  269    0010000100011
  270    1010000100011
  271    0001000100011
  272    1001000100011
  273    0101000100011
  274    0000100100011
  275    1000100100011
  276    0100100100011
  277    0010100100011
  278    1010100100011
  279    0000010100011
  280    1000010100011
  281    0100010100011
  282    0010010100011
  283    1010010100011
  284    0001010100011
  285    1001010100011
  286    0101010100011
  287    0000000010011
  288    1000000010011
  289    0100000010011
  290    0010000010011
  291    1010000010011
  292    0001000010011
  293    1001000010011
  294    0101000010011
  295    0000100010011
  296    1000100010011
  297    0100100010011
  298    0010100010011
  299    1010100010011
  300    0000010010011
  301    1000010010011
  302    0100010010011
  303    0010010010011
  304    1010010010011
  305    0001010010011
  306    1001010010011
  307    0101010010011
  308    0000001010011
  309    1000001010011
  310    0100001010011
  311    0010001010011
  312    1010001010011
  313    0001001010011
  314    1001001010011
  315    0101001010011
  316    0000101010011
  317    1000101010011
  318    0100101010011
  319    0010101010011
  320    1010101010011
  321    0000000001011
  322    1000000001011
  323    0100000001011
  324    0010000001011
  325    1010000001011
  326    0001000001011
  327    1001000001011
  328    0101000001011
  329    0000100001011
  330    1000100001011
  331    0100100001011
  332    0010100001011
  333    1010100001011
  334    0000010001011
  335    1000010001011
  336    0100010001011
  337    0010010001011
  338    1010010001011
  339    0001010001011
  340    1001010001011
  341    0101010001011
  342    0000001001011
  343    1000001001011
  344    0100001001011
  345    0010001001011
  346    1010001001011
  347    0001001001011
  348    1001001001011
  349    0101001001011
  350    0000101001011
  351    1000101001011
  352    0100101001011
  353    0010101001011
  354    1010101001011
  355    0000000101011
  356    1000000101011
  357    0100000101011
  358    0010000101011
  359    1010000101011
  360    0001000101011
  361    1001000101011
  362    0101000101011
  363    0000100101011
  364    1000100101011
  365    0100100101011
  366    0010100101011
  367    1010100101011
  368    0000010101011
  369    1000010101011
  370    0100010101011
  371    0010010101011
  372    1010010101011
  373    0001010101011
  374    1001010101011
  375    0101010101011
  376   00000000000011
  377   10000000000011
  378   01000000000011
  379   00100000000011
  380   10100000000011
  381   00010000000011
  382   10010000000011
  383   01010000000011
  384   00001000000011
  385   10001000000011
  386   01001000000011
  387   00101000000011
  388   10101000000011
  389   00000100000011
  390   10000100000011
  391   01000100000011
  392   00100100000011
  393   10100100000011
  394   00010100000011
  395   10010100000011
  396   01010100000011
  397   00000010000011
  398   10000010000011
  399   01000010000011
  400   00100010000011
  401   10100010000011
  402   00010010000011
  403   10010010000011
  404   01010010000011
  405   00001010000011
  406   10001010000011
  407   01001010000011
  408   00101010000011
  409   10101010000011
  410   00000001000011
  411   10000001000011
  412   01000001000011
  413   00100001000011
  414   10100001000011
  415   00010001000011
  416   10010001000011
  417   01010001000011
  418   00001001000011
  419   10001001000011
  420   01001001000011
  421   00101001000011
  422   10101001000011
  423   00000101000011
  424   10000101000011
  425   01000101000011
  426   00100101000011
  427   10100101000011
  428   00010101000011
  429   10010101000011
  430   01010101000011
  431   00000000100011
  432   10000000100011
  433   01000000100011
  434   00100000100011
  435   10100000100011
  436   00010000100011
  437   10010000100011
  438   01010000100011
  439   00001000100011
  440   10001000100011
  441   01001000100011
  442   00101000100011
  443   10101000100011
  444   00000100100011
  445   10000100100011
  446   01000100100011
  447   00100100100011
  448   10100100100011
  449   00010100100011
  450   10010100100011
  451   01010100100011
  452   00000010100011
  453   10000010100011
  454   01000010100011
  455   00100010100011
  456   10100010100011
  457   00010010100011
  458   10010010100011
  459   01010010100011
  460   00001010100011
  461   10001010100011
  462   01001010100011
  463   00101010100011
  464   10101010100011
  465   00000000010011
  466   10000000010011
  467   01000000010011
  468   00100000010011
  469   10100000010011
  470   00010000010011
  471   10010000010011
  472   01010000010011
  473   00001000010011
  474   10001000010011
  475   01001000010011
  476   00101000010011
  477   10101000010011
  478   00000100010011
  479   10000100010011
  480   01000100010011
  481   00100100010011
  482   10100100010011
  483   00010100010011
  484   10010100010011
  485   01010100010011
  486   00000010010011
  487   10000010010011
  488   01000010010011
  489   00100010010011
  490   10100010010011
  491   00010010010011
  492   10010010010011
  493   01010010010011
  494   00001010010011
  495   10001010010011
  496   01001010010011
  497   00101010010011
  498   10101010010011
  499   00000001010011
  500   10000001010011
  501   01000001010011
  502   00100001010011
  503   10100001010011
  504   00010001010011
  505   10010001010011
  506   01010001010011
  507   00001001010011
  508   10001001010011
  509   01001001010011
  510   00101001010011
  511   10101001010011
  512   00000101010011
  513   10000101010011
  514   01000101010011
  515   00100101010011
  516   10100101010011
  517   00010101010011
  518   10010101010011
  519   01010101010011
  520   00000000001011
  521   10000000001011
  522   01000000001011
  523   00100000001011
  524   10100000001011
  525   00010000001011
  526   10010000001011
  527   01010000001011
  528   00001000001011
  529   10001000001011
  530   01001000001011
  531   00101000001011
  532   10101000001011
  533   00000100001011
  534   10000100001011
  535   01000100001011
  536   00100100001011
  537   10100100001011
  538   00010100001011
  539   10010100001011
  540   01010100001011
  541   00000010001011
  542   10000010001011
  543   01000010001011
  544   00100010001011
  545   10100010001011
  546   00010010001011
  547   10010010001011
  548   01010010001011
  549   00001010001011
  550   10001010001011
  551   01001010001011
  552   00101010001011
  553   10101010001011
  554   00000001001011
  555   10000001001011
  556   01000001001011
  557   00100001001011
  558   10100001001011
  559   00010001001011
  560   10010001001011
  561   01010001001011
  562   00001001001011
  563   10001001001011
  564   01001001001011
  565   00101001001011
  566   10101001001011
  567   00000101001011
  568   10000101001011
  569   01000101001011
  570   00100101001011
  571   10100101001011
  572   00010101001011
  573   10010101001011
  574   01010101001011
  575   00000000101011
  576   10000000101011
  577   01000000101011
  578   00100000101011
  579   10100000101011
  580   00010000101011
  581   10010000101011
  582   01010000101011
  583   00001000101011
  584   10001000101011
  585   01001000101011
  586   00101000101011
  587   10101000101011
  588   00000100101011
  589   10000100101011
  590   01000100101011
  591   00100100101011
  592   10100100101011
  593   00010100101011
  594   10010100101011
  595   01010100101011
  596   00000010101011
  597   10000010101011
  598   01000010101011
  599   00100010101011
  600   10100010101011
  601   00010010101011
  602   10010010101011
  603   01010010101011
  604   00001010101011
  605   10001010101011
  606   01001010101011
  607   00101010101011
  608   10101010101011
  609  000000000000011
  610  100000000000011
  611  010000000000011
  612  001000000000011
  613  101000000000011
  614  000100000000011
  615  100100000000011
  616  010100000000011
  617  000010000000011
  618  100010000000011
  619  010010000000011
  620  001010000000011
  621  101010000000011
  622  000001000000011
  623  100001000000011
  624  010001000000011
  625  001001000000011
  626  101001000000011
  627  000101000000011
  628  100101000000011
  629  010101000000011
  630  000000100000011
  631  100000100000011
  632  010000100000011
  633  001000100000011
  634  101000100000011
  635  000100100000011
  636  100100100000011
  637  010100100000011
  638  000010100000011
  639  100010100000011
  640  010010100000011
  641  001010100000011
  642  101010100000011
  643  000000010000011
  644  100000010000011
  645  010000010000011
  646  001000010000011
  647  101000010000011
  648  000100010000011
  649  100100010000011
  650  010100010000011
  651  000010010000011
  652  100010010000011
  653  010010010000011
  654  001010010000011
  655  101010010000011
  656  000001010000011
  657  100001010000011
  658  010001010000011
  659  001001010000011
  660  101001010000011
  661  000101010000011
  662  100101010000011
  663  010101010000011
  664  000000001000011
  665  100000001000011
  666  010000001000011
  667  001000001000011
  668  101000001000011
  669  000100001000011
  670  100100001000011
  671  010100001000011
  672  000010001000011
  673  100010001000011
  674  010010001000011
  675  001010001000011
  676  101010001000011
  677  000001001000011
  678  100001001000011
  679  010001001000011
  680  001001001000011
  681  101001001000011
  682  000101001000011
  683  100101001000011
  684  010101001000011
  685  000000101000011
  686  100000101000011
  687  010000101000011
  688  001000101000011
  689  101000101000011
  690  000100101000011
  691  100100101000011
  692  010100101000011
  693  000010101000011
  694  100010101000011
  695  010010101000011
  696  001010101000011
  697  101010101000011
  698  000000000100011
  699  100000000100011
  700  010000000100011
  701  001000000100011
  702  101000000100011
  703  000100000100011
  704  100100000100011
  705  010100000100011
  706  000010000100011
  707  100010000100011
  708  010010000100011
  709  001010000100011
  710  101010000100011
  711  000001000100011
  712  100001000100011
  713  010001000100011
  714  001001000100011
  715  101001000100011
  716  000101000100011
  717  100101000100011
  718  010101000100011
  719  000000100100011
  720  100000100100011
  721  010000100100011
  722  001000100100011
  723  101000100100011
  724  000100100100011
  725  100100100100011
  726  010100100100011
  727  000010100100011
  728  100010100100011
  729  010010100100011
  730  001010100100011
  731  101010100100011
  732  000000010100011
  733  100000010100011
  734  010000010100011
  735  001000010100011
  736  101000010100011
  737  000100010100011
  738  100100010100011
  739  010100010100011
  740  000010010100011
  741  100010010100011
  742  010010010100011
  743  001010010100011
  744  101010010100011
  745  000001010100011
  746  100001010100011
  747  010001010100011
  748  001001010100011
  749  101001010100011
  750  000101010100011
  751  100101010100011
  752  010101010100011
  753  000000000010011
  754  100000000010011
  755  010000000010011
  756  001000000010011
  757  101000000010011
  758  000100000010011
  759  100100000010011
  760  010100000010011
  761  000010000010011
  762  100010000010011
  763  010010000010011
  764  001010000010011
  765  101010000010011
  766  000001000010011
  767  100001000010011
  768  010001000010011
  769  001001000010011
  770  101001000010011
  771  000101000010011
  772  100101000010011
  773  010101000010011
  774  000000100010011
  775  100000100010011
  776  010000100010011
  777  001000100010011
  778  101000100010011
  779  000100100010011
  780  100100100010011
  781  010100100010011
  782  000010100010011
  783  100010100010011
  784  010010100010011
  785  001010100010011
  786  101010100010011
  787  000000010010011
  788  100000010010011
  789  010000010010011
  790  001000010010011
  791  101000010010011
  792  000100010010011
  793  100100010010011
  794  010100010010011
  795  000010010010011
  796  100010010010011
  797  010010010010011
  798  001010010010011
  799  101010010010011
  800  000001010010011
  801  100001010010011
  802  010001010010011
  803  001001010010011
  804  101001010010011
  805  000101010010011
  806  100101010010011
  807  010101010010011
  808  000000001010011
  809  100000001010011
  810  010000001010011
  811  001000001010011
  812  101000001010011
  813  000100001010011
  814  100100001010011
  815  010100001010011
  816  000010001010011
  817  100010001010011
  818  010010001010011
  819  001010001010011
  820  101010001010011
  821  000001001010011
  822  100001001010011
  823  010001001010011
  824  001001001010011
  825  101001001010011
  826  000101001010011
  827  100101001010011
  828  010101001010011
  829  000000101010011
  830  100000101010011
  831  010000101010011
  832  001000101010011
  833  101000101010011
  834  000100101010011
  835  100100101010011
  836  010100101010011
  837  000010101010011
  838  100010101010011
  839  010010101010011
  840  001010101010011
  841  101010101010011
  842  000000000001011
  843  100000000001011
  844  010000000001011
  845  001000000001011
  846  101000000001011
  847  000100000001011
  848  100100000001011
  849  010100000001011
  850  000010000001011
  851  100010000001011
  852  010010000001011
  853  001010000001011
  854  101010000001011
  855  000001000001011
  856  100001000001011
  857  010001000001011
  858  001001000001011
  859  101001000001011
  860  000101000001011
  861  100101000001011
  862  010101000001011
  863  000000100001011
  864  100000100001011
  865  010000100001011
  866  001000100001011
  867  101000100001011
  868  000100100001011
  869  100100100001011
  870  010100100001011
  871  000010100001011
  872  100010100001011
  873  010010100001011
  874  001010100001011
  875  101010100001011
  876  000000010001011
  877  100000010001011
  878  010000010001011
  879  001000010001011
  880  101000010001011
  881  000100010001011
  882  100100010001011
  883  010100010001011
  884  000010010001011
  885  100010010001011
  886  010010010001011
  887  001010010001011
  888  101010010001011
  889  000001010001011
  890  100001010001011
  891  010001010001011
  892  001001010001011
  893  101001010001011
  894  000101010001011
  895  100101010001011
  896  010101010001011
  897  000000001001011
  898  100000001001011
  899  010000001001011
  900  001000001001011
  901  101000001001011
  902  000100001001011
  903  100100001001011
  904  010100001001011
  905  000010001001011
  906  100010001001011
  907  010010001001011
  908  001010001001011
  909  101010001001011
  910  000001001001011
  911  100001001001011
  912  010001001001011
  913  001001001001011
  914  101001001001011
  915  000101001001011
  916  100101001001011
  917  010101001001011
  918  000000101001011
  919  100000101001011
  920  010000101001011
  921  001000101001011
  922  101000101001011
  923  000100101001011
  924  100100101001011
  925  010100101001011
  926  000010101001011
  927  100010101001011
  928  010010101001011
  929  001010101001011
  930  101010101001011
  931  000000000101011
  932  100000000101011
  933  010000000101011
  934  001000000101011
  935  101000000101011
  936  000100000101011
  937  100100000101011
  938  010100000101011
  939  000010000101011
  940  100010000101011
  941  010010000101011
  942  001010000101011
  943  101010000101011
  944  000001000101011
  945  100001000101011
  946  010001000101011
  947  001001000101011
  948  101001000101011
  949  000101000101011
  950  100101000101011
  951  010101000101011
  952  000000100101011
  953  100000100101011
  954  010000100101011
  955  001000100101011
  956  101000100101011
  957  000100100101011
  958  100100100101011
  959  010100100101011
  960  000010100101011
  961  100010100101011
  962  010010100101011
  963  001010100101011
  964  101010100101011
  965  000000010101011
  966  100000010101011
  967  010000010101011
  968  001000010101011
  969  101000010101011
  970  000100010101011
  971  100100010101011
  972  010100010101011
  973  000010010101011
  974  100010010101011
  975  010010010101011
  976  001010010101011
  977  101010010101011
  978  000001010101011
  979  100001010101011
  980  010001010101011
  981  001001010101011
  982  101001010101011
  983  000101010101011
  984  100101010101011
  985  010101010101011
  986 0000000000000011
  987 1000000000000011
  988 0100000000000011
  989 0010000000000011
  990 1010000000000011
  991 0001000000000011
  992 1001000000000011
  993 0101000000000011
  994 0000100000000011
  995 1000100000000011
  996 0100100000000011
  997 0010100000000011
  998 1010100000000011
  999 0000010000000011
 1000 1000010000000011
 1001 0100010000000011
 1002 0010010000000011
 1003 1010010000000011
 1004 0001010000000011
 1005 1001010000000011
 1006 0101010000000011
 1007 0000001000000011
 1008 1000001000000011
 1009 0100001000000011
 1010 0010001000000011
 1011 1010001000000011
 1012 0001001000000011
 1013 1001001000000011
 1014 0101001000000011
 1015 0000101000000011
 1016 1000101000000011
 1017 0100101000000011
 1018 0010101000000011
 1019 1010101000000011
 1020 0000000100000011
 1021 1000000100000011
 1022 0100000100000011
