0 1
0.00390625 0.999962
0.0078125 0.999849
0.0117188 0.999661
0.015625 0.999398
0.0195312 0.999059
0.0234375 0.998645
0.0273438 0.998156
0.03125 0.997592
0.0351562 0.996953
0.0390625 0.99624
0.0429688 0.995451
0.046875 0.994588
0.0507812 0.993651
0.0546875 0.992639
0.0585938 0.991553
0.0625 0.990393
0.0664062 0.989159
0.0703125 0.987851
0.0742188 0.98647
0.078125 0.985016
0.0820312 0.983488
0.0859375 0.981888
0.0898438 0.980215
0.09375 0.97847
0.0976562 0.976653
0.101562 0.974764
0.105469 0.972804
0.109375 0.970772
0.113281 0.96867
0.117188 0.966496
0.121094 0.964253
0.125 0.96194
0.128906 0.959557
0.132812 0.957105
0.136719 0.954584
0.140625 0.951995
0.144531 0.949337
0.148438 0.946612
0.152344 0.94382
0.15625 0.940961
0.160156 0.938035
0.164062 0.935043
0.167969 0.931986
0.171875 0.928864
0.175781 0.925678
0.179688 0.922427
0.183594 0.919112
0.1875 0.915735
0.191406 0.912295
0.195312 0.908792
0.199219 0.905229
0.203125 0.901604
0.207031 0.897918
0.210938 0.894173
0.214844 0.890369
0.21875 0.886505
0.222656 0.882584
0.226562 0.878604
0.230469 0.874568
0.234375 0.870476
0.238281 0.866327
0.242188 0.862124
0.246094 0.857865
0.25 0.853553
0.253906 0.849188
0.257812 0.84477
0.261719 0.8403
0.265625 0.835779
0.269531 0.831208
0.273438 0.826586
0.277344 0.821916
0.28125 0.817197
0.285156 0.81243
0.289062 0.807616
0.292969 0.802756
0.296875 0.79785
0.300781 0.792899
0.304688 0.787904
0.308594 0.782866
0.3125 0.777785
0.316406 0.772662
0.320312 0.767499
0.324219 0.762295
0.328125 0.757051
0.332031 0.751769
0.335938 0.746449
0.339844 0.741092
0.34375 0.735698
0.347656 0.730269
0.351562 0.724806
0.355469 0.719308
0.359375 0.713778
0.363281 0.708215
0.367188 0.702621
0.371094 0.696996
0.375 0.691342
0.378906 0.685659
0.382812 0.679948
0.386719 0.674209
0.390625 0.668445
0.394531 0.662655
0.398438 0.656841
0.402344 0.651003
0.40625 0.645142
0.410156 0.63926
0.414062 0.633356
0.417969 0.627433
0.421875 0.62149
0.425781 0.615529
0.429688 0.609551
0.433594 0.603556
0.4375 0.597545
0.441406 0.59152
0.445312 0.585481
0.449219 0.579429
0.453125 0.573365
0.457031 0.56729
0.460938 0.561205
0.464844 0.555111
0.46875 0.549009
0.472656 0.542899
0.476562 0.536782
0.480469 0.53066
0.484375 0.524534
0.488281 0.518404
0.492188 0.512271
0.496094 0.506136
0.5 0.5
0.503906 0.493864
0.507812 0.487729
0.511719 0.481596
0.515625 0.475466
0.519531 0.46934
0.523438 0.463218
0.527344 0.457101
0.53125 0.450991
0.535156 0.444889
0.539062 0.438795
0.542969 0.43271
0.546875 0.426635
0.550781 0.420571
0.554688 0.414519
0.558594 0.40848
0.5625 0.402455
0.566406 0.396444
0.570312 0.390449
0.574219 0.384471
0.578125 0.37851
0.582031 0.372567
0.585938 0.366644
0.589844 0.36074
0.59375 0.354858
0.597656 0.348997
0.601562 0.343159
0.605469 0.337345
0.609375 0.331555
0.613281 0.325791
0.617188 0.320052
0.621094 0.314341
0.625 0.308658
0.628906 0.303004
0.632812 0.297379
0.636719 0.291785
0.640625 0.286222
0.644531 0.280692
0.648438 0.275194
0.652344 0.269731
0.65625 0.264302
0.660156 0.258908
0.664062 0.253551
0.667969 0.248231
0.671875 0.242949
0.675781 0.237705
0.679688 0.232501
0.683594 0.227338
0.6875 0.222215
0.691406 0.217134
0.695312 0.212096
0.699219 0.207101
0.703125 0.20215
0.707031 0.197244
0.710938 0.192384
0.714844 0.18757
0.71875 0.182803
0.722656 0.178084
0.726562 0.173414
0.730469 0.168792
0.734375 0.164221
0.738281 0.1597
0.742188 0.15523
0.746094 0.150812
0.75 0.146447
0.753906 0.142135
0.757812 0.137876
0.761719 0.133673
0.765625 0.129524
0.769531 0.125432
0.773438 0.121396
0.777344 0.117416
0.78125 0.113495
0.785156 0.109631
0.789062 0.105827
0.792969 0.102082
0.796875 0.0983962
0.800781 0.0947714
0.804688 0.0912076
0.808594 0.0877053
0.8125 0.0842652
0.816406 0.0808876
0.820312 0.0775732
0.824219 0.0743224
0.828125 0.0711357
0.832031 0.0680136
0.835938 0.0649565
0.839844 0.061965
0.84375 0.0590394
0.847656 0.0561802
0.851562 0.0533878
0.855469 0.0506628
0.859375 0.0480054
0.863281 0.045416
0.867188 0.0428951
0.871094 0.0404431
0.875 0.0380602
0.878906 0.035747
0.882812 0.0335036
0.886719 0.0313305
0.890625 0.029228
0.894531 0.0271963
0.898438 0.0252359
0.902344 0.023347
0.90625 0.0215298
0.910156 0.0197847
0.914062 0.018112
0.917969 0.0165118
0.921875 0.0149844
0.925781 0.01353
0.929688 0.0121489
0.933594 0.0108413
0.9375 0.00960736
0.941406 0.00844726
0.945312 0.00736118
0.949219 0.00634929
0.953125 0.00541175
0.957031 0.00454868
0.960938 0.00376023
0.964844 0.00304651
0.96875 0.00240764
0.972656 0.00184369
0.976562 0.00135477
0.980469 0.000940944
0.984375 0.000602272
0.988281 0.000338808
0.992188 0.000150591
0.996094 3.76491e-05
1 3.7494e-33
