         11
        011
       0011
       1011
      00011
      10011
      01011
     000011
     100011
     010011
     001011
     101011
    0000011
    1000011
    0100011
    0010011
    1010011
    0001011
    1001011
    0101011
   00000011
   10000011
   01000011
   00100011
   10100011
   00010011
   10010011
   01010011
   00001011
   10001011
   01001011
   00101011
   10101011
  000000011
  100000011
  010000011
  001000011
  101000011
  000100011
  100100011
  010100011
  000010011
  100010011
  010010011
  001010011
  101010011
  000001011
  100001011
  010001011
  001001011
  101001011
  000101011
  100101011
  010101011
 0000000011
 1000000011
 0100000011
 0010000011
 1010000011
 0001000011
 1001000011
 0101000011
 0000100011
 1000100011
 0100100011
 0010100011
 1010100011
 0000010011
 1000010011
 0100010011
 0010010011
 1010010011
 0001010011
 1001010011
 0101010011
 0000001011
 1000001011
 0100001011
 0010001011
 1010001011
 0001001011
 1001001011
 0101001011
 0000101011
 1000101011
 0100101011
 0010101011
 1010101011
00000000011
10000000011
01000000011
00100000011
10100000011
00010000011
10010000011
01010000011
