-0.860771 2.33929 2.15352 -0.389059 20.9202
-0.700125 -0.45577 1.38483 -0.00724227 27.4003
2.13367 0.288194 0.187026 -0.348322 2.76927
-0.33996 -0.123866 0.0664656 -1.55539 5.78156
0.516151 -1.03539 -0.0687061 0.436844 -1.89706
0.497282 2.03559 -0.567245 -1.40337 -8.36155
0.868749 0.995653 0.625778 -0.598215 13.6963
0.299548 -1.07395 -0.175517 -1.29004 -4.97624
-1.84666 0.91485 0.307644 -0.419134 4.72461
0.382326 -1.00573 1.2283 -0.169333 24.071
-0.0569211 0.540296 1.25406 -1.53112 29.363
-0.122662 -0.672484 2.50635 -1.29924 30.8724
0.0343674 0.943672 0.803001 -0.0915436 20.73
-0.889202 2.68243 -0.655004 -1.00603 -7.22542
0.225692 0.574297 1.46839 -1.01239 29.5011
-0.682081 -0.469122 0.241825 0.186376 8.97276
